// Data set for ubmark-sort

int size = 100;

int src[] = {
  276,
  223,
  731,
  745,
  508,
  476,
  189,
  951,
  614,
  306,
  204,
  617,
  735,
  627,
  917,
  473,
  476,
  859,
  105,
  834,
  825,
  918,
  489,
  458,
  649,
  379,
  537,
  820,
  892,
  729,
  466,
  290,
  524,
  638,
  79,
  307,
  969,
  268,
  415,
  780,
  141,
  80,
  101,
  109,
  229,
  347,
  186,
  540,
  956,
  54,
  423,
  519,
  986,
  704,
  226,
  791,
  546,
  968,
  666,
  779,
  894,
  48,
  467,
  616,
  659,
  891,
  341,
  91,
  318,
  110,
  909,
  514,
  963,
  751,
  802,
  572,
  864,
  489,
  32,
  433,
  882,
  699,
  967,
  432,
  835,
  930,
  269,
  167,
  800,
  160,
  571,
  502,
  875,
  614,
  721,
  492,
  402,
  917,
  593,
  181,
};

int ref[] = {
  32,
  48,
  54,
  79,
  80,
  91,
  101,
  105,
  109,
  110,
  141,
  160,
  167,
  181,
  186,
  189,
  204,
  223,
  226,
  229,
  268,
  269,
  276,
  290,
  306,
  307,
  318,
  341,
  347,
  379,
  402,
  415,
  423,
  432,
  433,
  458,
  466,
  467,
  473,
  476,
  476,
  489,
  489,
  492,
  502,
  508,
  514,
  519,
  524,
  537,
  540,
  546,
  571,
  572,
  593,
  614,
  614,
  616,
  617,
  627,
  638,
  649,
  659,
  666,
  699,
  704,
  721,
  729,
  731,
  735,
  745,
  751,
  779,
  780,
  791,
  800,
  802,
  820,
  825,
  834,
  835,
  859,
  864,
  875,
  882,
  891,
  892,
  894,
  909,
  917,
  917,
  918,
  930,
  951,
  956,
  963,
  967,
  968,
  969,
  986,
};

