// Data set for ubmark-sort

int size = 128;

int src[] = {
  80,
  885,
  896,
  599,
  391,
  880,
  565,
  705,
  575,
  445,
  903,
  895,
  904,
  762,
  29,
  17,
  905,
  443,
  10,
  314,
  23,
  560,
  73,
  572,
  661,
  681,
  855,
  567,
  692,
  930,
  441,
  665,
  709,
  959,
  64,
  702,
  574,
  363,
  805,
  792,
  658,
  171,
  246,
  559,
  951,
  325,
  198,
  174,
  741,
  816,
  653,
  821,
  25,
  971,
  205,
  979,
  279,
  879,
  810,
  896,
  928,
  435,
  676,
  836,
  561,
  775,
  285,
  393,
  529,
  630,
  446,
  708,
  770,
  341,
  864,
  867,
  35,
  44,
  350,
  216,
  293,
  849,
  481,
  78,
  591,
  245,
  917,
  42,
  251,
  348,
  620,
  519,
  483,
  671,
  326,
  206,
  270,
  772,
  7,
  946,
  447,
  88,
  394,
  93,
  530,
  139,
  719,
  513,
  672,
  329,
  791,
  568,
  709,
  376,
  938,
  184,
  161,
  61,
  98,
  816,
  207,
  773,
  955,
  277,
  205,
  69,
  94,
  552,
};

int ref[] = {
  7,
  10,
  17,
  23,
  25,
  29,
  35,
  42,
  44,
  61,
  64,
  69,
  73,
  78,
  80,
  88,
  93,
  94,
  98,
  139,
  161,
  171,
  174,
  184,
  198,
  205,
  205,
  206,
  207,
  216,
  245,
  246,
  251,
  270,
  277,
  279,
  285,
  293,
  314,
  325,
  326,
  329,
  341,
  348,
  350,
  363,
  376,
  391,
  393,
  394,
  435,
  441,
  443,
  445,
  446,
  447,
  481,
  483,
  513,
  519,
  529,
  530,
  552,
  559,
  560,
  561,
  565,
  567,
  568,
  572,
  574,
  575,
  591,
  599,
  620,
  630,
  653,
  658,
  661,
  665,
  671,
  672,
  676,
  681,
  692,
  702,
  705,
  708,
  709,
  709,
  719,
  741,
  762,
  770,
  772,
  773,
  775,
  791,
  792,
  805,
  810,
  816,
  816,
  821,
  836,
  849,
  855,
  864,
  867,
  879,
  880,
  885,
  895,
  896,
  896,
  903,
  904,
  905,
  917,
  928,
  930,
  938,
  946,
  951,
  955,
  959,
  971,
  979,
};

