// Data set for ubmark-sort

int size = 1000;

int src[] = {
  163,
  641,
  276,
  204,
  138,
  304,
  395,
  153,
  763,
  679,
  498,
  14,
  777,
  698,
  264,
  185,
  901,
  802,
  450,
  96,
  958,
  361,
  978,
  126,
  502,
  415,
  135,
  202,
  103,
  170,
  761,
  521,
  519,
  320,
  909,
  752,
  586,
  865,
  89,
  428,
  110,
  344,
  24,
  836,
  17,
  256,
  991,
  661,
  486,
  747,
  551,
  504,
  632,
  845,
  317,
  505,
  494,
  57,
  693,
  814,
  227,
  752,
  64,
  103,
  668,
  823,
  357,
  859,
  652,
  951,
  466,
  132,
  247,
  866,
  346,
  221,
  525,
  935,
  332,
  598,
  195,
  995,
  944,
  532,
  254,
  79,
  60,
  839,
  389,
  9,
  581,
  67,
  316,
  450,
  595,
  279,
  189,
  983,
  376,
  41,
  873,
  151,
  142,
  347,
  231,
  546,
  587,
  665,
  791,
  390,
  374,
  75,
  678,
  341,
  202,
  182,
  642,
  416,
  179,
  39,
  90,
  334,
  160,
  52,
  94,
  472,
  758,
  748,
  41,
  23,
  227,
  728,
  911,
  564,
  280,
  190,
  853,
  610,
  549,
  686,
  714,
  100,
  296,
  9,
  442,
  504,
  871,
  352,
  354,
  73,
  261,
  866,
  298,
  455,
  13,
  973,
  422,
  985,
  383,
  9,
  400,
  164,
  169,
  838,
  782,
  335,
  742,
  162,
  558,
  800,
  902,
  972,
  727,
  59,
  473,
  573,
  576,
  626,
  284,
  866,
  551,
  927,
  185,
  973,
  424,
  898,
  699,
  838,
  436,
  657,
  112,
  572,
  774,
  371,
  860,
  354,
  624,
  345,
  382,
  740,
  254,
  92,
  15,
  897,
  541,
  493,
  255,
  339,
  347,
  794,
  388,
  46,
  272,
  794,
  766,
  115,
  110,
  887,
  842,
  767,
  895,
  294,
  565,
  657,
  750,
  586,
  153,
  115,
  210,
  684,
  391,
  910,
  153,
  292,
  903,
  315,
  505,
  802,
  360,
  282,
  639,
  314,
  62,
  683,
  236,
  300,
  233,
  644,
  110,
  143,
  152,
  927,
  175,
  770,
  436,
  394,
  370,
  188,
  467,
  67,
  43,
  735,
  879,
  170,
  280,
  882,
  384,
  789,
  369,
  678,
  658,
  797,
  994,
  646,
  34,
  133,
  622,
  727,
  696,
  207,
  435,
  853,
  758,
  464,
  309,
  579,
  342,
  682,
  273,
  984,
  466,
  618,
  85,
  40,
  279,
  0,
  420,
  529,
  517,
  692,
  227,
  914,
  182,
  199,
  63,
  210,
  30,
  888,
  153,
  522,
  478,
  855,
  94,
  306,
  973,
  563,
  192,
  296,
  928,
  284,
  994,
  870,
  72,
  546,
  931,
  900,
  313,
  455,
  908,
  453,
  623,
  190,
  101,
  533,
  689,
  277,
  863,
  66,
  19,
  530,
  194,
  67,
  174,
  659,
  556,
  929,
  40,
  443,
  33,
  970,
  367,
  466,
  712,
  123,
  975,
  163,
  169,
  508,
  671,
  989,
  918,
  605,
  465,
  738,
  862,
  596,
  838,
  793,
  784,
  645,
  557,
  896,
  396,
  547,
  730,
  891,
  293,
  162,
  735,
  949,
  618,
  895,
  963,
  252,
  767,
  11,
  520,
  633,
  122,
  427,
  897,
  822,
  414,
  61,
  587,
  645,
  108,
  153,
  800,
  613,
  8,
  96,
  614,
  108,
  506,
  279,
  452,
  620,
  761,
  326,
  342,
  74,
  580,
  776,
  477,
  182,
  985,
  982,
  797,
  974,
  852,
  783,
  983,
  207,
  257,
  206,
  257,
  122,
  918,
  216,
  639,
  432,
  62,
  27,
  53,
  485,
  220,
  561,
  35,
  425,
  96,
  34,
  244,
  271,
  843,
  822,
  942,
  946,
  950,
  157,
  779,
  818,
  950,
  357,
  495,
  142,
  543,
  955,
  659,
  933,
  405,
  452,
  894,
  866,
  460,
  131,
  469,
  805,
  134,
  531,
  282,
  413,
  553,
  955,
  131,
  120,
  751,
  808,
  133,
  85,
  400,
  976,
  287,
  113,
  765,
  917,
  952,
  878,
  658,
  325,
  473,
  741,
  352,
  262,
  248,
  254,
  46,
  818,
  152,
  902,
  443,
  285,
  27,
  941,
  837,
  840,
  403,
  40,
  568,
  300,
  259,
  218,
  175,
  955,
  501,
  318,
  957,
  41,
  970,
  532,
  562,
  291,
  13,
  326,
  196,
  421,
  589,
  955,
  503,
  870,
  487,
  525,
  873,
  502,
  19,
  597,
  644,
  86,
  932,
  872,
  111,
  329,
  178,
  174,
  562,
  376,
  394,
  353,
  195,
  44,
  740,
  592,
  357,
  180,
  642,
  467,
  983,
  719,
  475,
  254,
  949,
  244,
  40,
  628,
  592,
  141,
  811,
  190,
  835,
  126,
  864,
  517,
  183,
  514,
  233,
  143,
  817,
  345,
  639,
  372,
  113,
  95,
  830,
  925,
  348,
  596,
  841,
  966,
  174,
  893,
  151,
  410,
  845,
  313,
  781,
  463,
  510,
  802,
  755,
  92,
  76,
  932,
  442,
  36,
  15,
  109,
  336,
  558,
  919,
  675,
  670,
  287,
  405,
  28,
  16,
  778,
  538,
  417,
  495,
  74,
  388,
  819,
  618,
  325,
  143,
  476,
  978,
  966,
  843,
  610,
  57,
  683,
  347,
  790,
  100,
  659,
  2,
  800,
  180,
  779,
  63,
  851,
  682,
  427,
  60,
  295,
  111,
  550,
  528,
  68,
  660,
  437,
  933,
  695,
  760,
  714,
  235,
  940,
  302,
  65,
  800,
  933,
  295,
  992,
  881,
  858,
  125,
  406,
  696,
  146,
  529,
  61,
  219,
  782,
  668,
  295,
  956,
  654,
  1000,
  819,
  204,
  983,
  636,
  279,
  246,
  638,
  482,
  315,
  65,
  164,
  596,
  590,
  662,
  996,
  270,
  482,
  561,
  179,
  818,
  612,
  752,
  857,
  394,
  837,
  974,
  432,
  240,
  312,
  156,
  457,
  229,
  736,
  726,
  884,
  559,
  798,
  427,
  819,
  814,
  38,
  403,
  600,
  719,
  338,
  920,
  206,
  761,
  332,
  510,
  53,
  403,
  622,
  791,
  783,
  293,
  36,
  478,
  33,
  767,
  743,
  513,
  294,
  494,
  215,
  409,
  991,
  939,
  152,
  536,
  756,
  724,
  608,
  877,
  264,
  690,
  971,
  799,
  58,
  418,
  409,
  355,
  353,
  226,
  935,
  421,
  300,
  895,
  120,
  956,
  778,
  821,
  976,
  12,
  665,
  280,
  530,
  243,
  506,
  808,
  595,
  975,
  508,
  481,
  549,
  415,
  547,
  638,
  477,
  47,
  436,
  679,
  264,
  669,
  880,
  234,
  834,
  702,
  932,
  567,
  17,
  397,
  465,
  748,
  501,
  3,
  921,
  185,
  128,
  609,
  610,
  789,
  924,
  871,
  682,
  624,
  414,
  750,
  363,
  14,
  236,
  437,
  242,
  4,
  717,
  574,
  495,
  791,
  49,
  152,
  754,
  330,
  977,
  604,
  510,
  339,
  801,
  337,
  247,
  911,
  442,
  298,
  333,
  793,
  994,
  952,
  567,
  535,
  468,
  287,
  668,
  936,
  780,
  963,
  396,
  521,
  958,
  468,
  253,
  256,
  865,
  654,
  64,
  695,
  63,
  938,
  19,
  125,
  883,
  285,
  622,
  263,
  179,
  210,
  59,
  419,
  751,
  366,
  653,
  453,
  419,
  219,
  880,
  3,
  22,
  440,
  287,
  160,
  412,
  6,
  671,
  205,
  794,
  442,
  704,
  231,
  451,
  186,
  191,
  281,
  54,
  423,
  369,
  341,
  72,
  279,
  856,
  801,
  951,
  768,
  945,
  575,
  204,
  974,
  168,
  561,
  118,
  444,
  908,
  374,
  296,
  491,
  924,
  340,
  247,
  2,
  812,
  374,
  217,
  313,
  592,
  946,
  574,
  633,
  90,
  920,
  880,
  873,
  453,
  909,
  875,
  428,
  531,
  587,
  621,
  926,
  623,
  803,
  343,
  324,
  700,
  600,
  246,
  55,
  291,
  690,
  849,
  560,
  911,
  85,
  772,
  731,
  679,
  476,
  110,
  891,
  974,
  147,
  119,
  595,
  130,
  986,
  37,
  925,
  168,
  242,
  424,
  168,
  215,
  99,
  956,
  788,
  753,
  985,
  238,
  887,
  355,
  325,
  845,
  184,
  735,
  23,
  856,
  24,
  576,
  258,
  343,
  267,
  352,
  37,
  61,
};

int ref[] = {
  0,
  2,
  2,
  3,
  3,
  4,
  6,
  8,
  9,
  9,
  9,
  11,
  12,
  13,
  13,
  14,
  14,
  15,
  15,
  16,
  17,
  17,
  19,
  19,
  19,
  22,
  23,
  23,
  24,
  24,
  27,
  27,
  28,
  30,
  33,
  33,
  34,
  34,
  35,
  36,
  36,
  37,
  37,
  38,
  39,
  40,
  40,
  40,
  40,
  41,
  41,
  41,
  43,
  44,
  46,
  46,
  47,
  49,
  52,
  53,
  53,
  54,
  55,
  57,
  57,
  58,
  59,
  59,
  60,
  60,
  61,
  61,
  61,
  62,
  62,
  63,
  63,
  63,
  64,
  64,
  65,
  65,
  66,
  67,
  67,
  67,
  68,
  72,
  72,
  73,
  74,
  74,
  75,
  76,
  79,
  85,
  85,
  85,
  86,
  89,
  90,
  90,
  92,
  92,
  94,
  94,
  95,
  96,
  96,
  96,
  99,
  100,
  100,
  101,
  103,
  103,
  108,
  108,
  109,
  110,
  110,
  110,
  110,
  111,
  111,
  112,
  113,
  113,
  115,
  115,
  118,
  119,
  120,
  120,
  122,
  122,
  123,
  125,
  125,
  126,
  126,
  128,
  130,
  131,
  131,
  132,
  133,
  133,
  134,
  135,
  138,
  141,
  142,
  142,
  143,
  143,
  143,
  146,
  147,
  151,
  151,
  152,
  152,
  152,
  152,
  153,
  153,
  153,
  153,
  153,
  156,
  157,
  160,
  160,
  162,
  162,
  163,
  163,
  164,
  164,
  168,
  168,
  168,
  169,
  169,
  170,
  170,
  174,
  174,
  174,
  175,
  175,
  178,
  179,
  179,
  179,
  180,
  180,
  182,
  182,
  182,
  183,
  184,
  185,
  185,
  185,
  186,
  188,
  189,
  190,
  190,
  190,
  191,
  192,
  194,
  195,
  195,
  196,
  199,
  202,
  202,
  204,
  204,
  204,
  205,
  206,
  206,
  207,
  207,
  210,
  210,
  210,
  215,
  215,
  216,
  217,
  218,
  219,
  219,
  220,
  221,
  226,
  227,
  227,
  227,
  229,
  231,
  231,
  233,
  233,
  234,
  235,
  236,
  236,
  238,
  240,
  242,
  242,
  243,
  244,
  244,
  246,
  246,
  247,
  247,
  247,
  248,
  252,
  253,
  254,
  254,
  254,
  254,
  255,
  256,
  256,
  257,
  257,
  258,
  259,
  261,
  262,
  263,
  264,
  264,
  264,
  267,
  270,
  271,
  272,
  273,
  276,
  277,
  279,
  279,
  279,
  279,
  279,
  280,
  280,
  280,
  281,
  282,
  282,
  284,
  284,
  285,
  285,
  287,
  287,
  287,
  287,
  291,
  291,
  292,
  293,
  293,
  294,
  294,
  295,
  295,
  295,
  296,
  296,
  296,
  298,
  298,
  300,
  300,
  300,
  302,
  304,
  306,
  309,
  312,
  313,
  313,
  313,
  314,
  315,
  315,
  316,
  317,
  318,
  320,
  324,
  325,
  325,
  325,
  326,
  326,
  329,
  330,
  332,
  332,
  333,
  334,
  335,
  336,
  337,
  338,
  339,
  339,
  340,
  341,
  341,
  342,
  342,
  343,
  343,
  344,
  345,
  345,
  346,
  347,
  347,
  347,
  348,
  352,
  352,
  352,
  353,
  353,
  354,
  354,
  355,
  355,
  357,
  357,
  357,
  360,
  361,
  363,
  366,
  367,
  369,
  369,
  370,
  371,
  372,
  374,
  374,
  374,
  376,
  376,
  382,
  383,
  384,
  388,
  388,
  389,
  390,
  391,
  394,
  394,
  394,
  395,
  396,
  396,
  397,
  400,
  400,
  403,
  403,
  403,
  405,
  405,
  406,
  409,
  409,
  410,
  412,
  413,
  414,
  414,
  415,
  415,
  416,
  417,
  418,
  419,
  419,
  420,
  421,
  421,
  422,
  423,
  424,
  424,
  425,
  427,
  427,
  427,
  428,
  428,
  432,
  432,
  435,
  436,
  436,
  436,
  437,
  437,
  440,
  442,
  442,
  442,
  442,
  443,
  443,
  444,
  450,
  450,
  451,
  452,
  452,
  453,
  453,
  453,
  455,
  455,
  457,
  460,
  463,
  464,
  465,
  465,
  466,
  466,
  466,
  467,
  467,
  468,
  468,
  469,
  472,
  473,
  473,
  475,
  476,
  476,
  477,
  477,
  478,
  478,
  481,
  482,
  482,
  485,
  486,
  487,
  491,
  493,
  494,
  494,
  495,
  495,
  495,
  498,
  501,
  501,
  502,
  502,
  503,
  504,
  504,
  505,
  505,
  506,
  506,
  508,
  508,
  510,
  510,
  510,
  513,
  514,
  517,
  517,
  519,
  520,
  521,
  521,
  522,
  525,
  525,
  528,
  529,
  529,
  530,
  530,
  531,
  531,
  532,
  532,
  533,
  535,
  536,
  538,
  541,
  543,
  546,
  546,
  547,
  547,
  549,
  549,
  550,
  551,
  551,
  553,
  556,
  557,
  558,
  558,
  559,
  560,
  561,
  561,
  561,
  562,
  562,
  563,
  564,
  565,
  567,
  567,
  568,
  572,
  573,
  574,
  574,
  575,
  576,
  576,
  579,
  580,
  581,
  586,
  586,
  587,
  587,
  587,
  589,
  590,
  592,
  592,
  592,
  595,
  595,
  595,
  596,
  596,
  596,
  597,
  598,
  600,
  600,
  604,
  605,
  608,
  609,
  610,
  610,
  610,
  612,
  613,
  614,
  618,
  618,
  618,
  620,
  621,
  622,
  622,
  622,
  623,
  623,
  624,
  624,
  626,
  628,
  632,
  633,
  633,
  636,
  638,
  638,
  639,
  639,
  639,
  641,
  642,
  642,
  644,
  644,
  645,
  645,
  646,
  652,
  653,
  654,
  654,
  657,
  657,
  658,
  658,
  659,
  659,
  659,
  660,
  661,
  662,
  665,
  665,
  668,
  668,
  668,
  669,
  670,
  671,
  671,
  675,
  678,
  678,
  679,
  679,
  679,
  682,
  682,
  682,
  683,
  683,
  684,
  686,
  689,
  690,
  690,
  692,
  693,
  695,
  695,
  696,
  696,
  698,
  699,
  700,
  702,
  704,
  712,
  714,
  714,
  717,
  719,
  719,
  724,
  726,
  727,
  727,
  728,
  730,
  731,
  735,
  735,
  735,
  736,
  738,
  740,
  740,
  741,
  742,
  743,
  747,
  748,
  748,
  750,
  750,
  751,
  751,
  752,
  752,
  752,
  753,
  754,
  755,
  756,
  758,
  758,
  760,
  761,
  761,
  761,
  763,
  765,
  766,
  767,
  767,
  767,
  768,
  770,
  772,
  774,
  776,
  777,
  778,
  778,
  779,
  779,
  780,
  781,
  782,
  782,
  783,
  783,
  784,
  788,
  789,
  789,
  790,
  791,
  791,
  791,
  793,
  793,
  794,
  794,
  794,
  797,
  797,
  798,
  799,
  800,
  800,
  800,
  800,
  801,
  801,
  802,
  802,
  802,
  803,
  805,
  808,
  808,
  811,
  812,
  814,
  814,
  817,
  818,
  818,
  818,
  819,
  819,
  819,
  821,
  822,
  822,
  823,
  830,
  834,
  835,
  836,
  837,
  837,
  838,
  838,
  838,
  839,
  840,
  841,
  842,
  843,
  843,
  845,
  845,
  845,
  849,
  851,
  852,
  853,
  853,
  855,
  856,
  856,
  857,
  858,
  859,
  860,
  862,
  863,
  864,
  865,
  865,
  866,
  866,
  866,
  866,
  870,
  870,
  871,
  871,
  872,
  873,
  873,
  873,
  875,
  877,
  878,
  879,
  880,
  880,
  880,
  881,
  882,
  883,
  884,
  887,
  887,
  888,
  891,
  891,
  893,
  894,
  895,
  895,
  895,
  896,
  897,
  897,
  898,
  900,
  901,
  902,
  902,
  903,
  908,
  908,
  909,
  909,
  910,
  911,
  911,
  911,
  914,
  917,
  918,
  918,
  919,
  920,
  920,
  921,
  924,
  924,
  925,
  925,
  926,
  927,
  927,
  928,
  929,
  931,
  932,
  932,
  932,
  933,
  933,
  933,
  935,
  935,
  936,
  938,
  939,
  940,
  941,
  942,
  944,
  945,
  946,
  946,
  949,
  949,
  950,
  950,
  951,
  951,
  952,
  952,
  955,
  955,
  955,
  955,
  956,
  956,
  956,
  957,
  958,
  958,
  963,
  963,
  966,
  966,
  970,
  970,
  971,
  972,
  973,
  973,
  973,
  974,
  974,
  974,
  974,
  975,
  975,
  976,
  976,
  977,
  978,
  978,
  982,
  983,
  983,
  983,
  983,
  984,
  985,
  985,
  985,
  986,
  989,
  991,
  991,
  992,
  994,
  994,
  994,
  995,
  996,
  1000,
};

