// Data set for ubmark-sort

int size = 1000;

int src[] = {
  78,
  140,
  130,
  995,
  533,
  818,
  288,
  591,
  225,
  41,
  786,
  748,
  730,
  444,
  242,
  197,
  361,
  229,
  906,
  294,
  26,
  1,
  3,
  110,
  56,
  842,
  81,
  938,
  579,
  174,
  686,
  336,
  868,
  10,
  268,
  575,
  957,
  959,
  167,
  396,
  785,
  100,
  7,
  734,
  678,
  49,
  594,
  354,
  182,
  607,
  40,
  476,
  16,
  809,
  465,
  334,
  121,
  932,
  835,
  320,
  40,
  727,
  943,
  609,
  178,
  176,
  556,
  256,
  840,
  133,
  220,
  421,
  749,
  55,
  43,
  658,
  715,
  511,
  709,
  930,
  814,
  713,
  947,
  381,
  436,
  999,
  385,
  78,
  274,
  260,
  673,
  710,
  64,
  99,
  901,
  681,
  285,
  770,
  854,
  414,
  862,
  395,
  816,
  146,
  398,
  27,
  914,
  780,
  149,
  117,
  492,
  148,
  810,
  498,
  77,
  876,
  107,
  373,
  385,
  126,
  174,
  425,
  679,
  78,
  880,
  427,
  288,
  914,
  412,
  465,
  250,
  728,
  258,
  689,
  838,
  720,
  146,
  763,
  134,
  220,
  537,
  732,
  700,
  859,
  187,
  281,
  855,
  511,
  606,
  707,
  499,
  728,
  783,
  640,
  311,
  292,
  719,
  27,
  865,
  853,
  666,
  557,
  310,
  403,
  429,
  324,
  920,
  543,
  491,
  215,
  435,
  108,
  428,
  405,
  421,
  884,
  959,
  381,
  917,
  247,
  863,
  940,
  266,
  663,
  55,
  928,
  810,
  816,
  122,
  594,
  918,
  769,
  381,
  701,
  63,
  477,
  967,
  421,
  697,
  650,
  165,
  793,
  793,
  797,
  543,
  615,
  628,
  46,
  883,
  132,
  853,
  404,
  902,
  866,
  61,
  325,
  10,
  792,
  592,
  684,
  489,
  297,
  527,
  338,
  214,
  974,
  425,
  631,
  654,
  117,
  967,
  987,
  568,
  61,
  456,
  660,
  473,
  369,
  197,
  740,
  183,
  435,
  323,
  510,
  435,
  469,
  373,
  960,
  321,
  705,
  138,
  293,
  74,
  450,
  121,
  13,
  411,
  162,
  855,
  509,
  449,
  647,
  859,
  904,
  229,
  671,
  629,
  795,
  686,
  287,
  389,
  934,
  87,
  451,
  719,
  587,
  795,
  704,
  898,
  457,
  366,
  349,
  747,
  982,
  800,
  813,
  527,
  752,
  743,
  815,
  99,
  651,
  276,
  79,
  44,
  226,
  701,
  179,
  872,
  47,
  489,
  898,
  224,
  952,
  904,
  362,
  281,
  762,
  79,
  544,
  272,
  971,
  122,
  939,
  275,
  512,
  663,
  925,
  224,
  607,
  470,
  486,
  683,
  285,
  334,
  13,
  329,
  825,
  378,
  516,
  71,
  148,
  776,
  264,
  2,
  980,
  905,
  595,
  274,
  691,
  646,
  487,
  613,
  601,
  65,
  787,
  213,
  580,
  868,
  128,
  130,
  481,
  850,
  654,
  85,
  786,
  281,
  340,
  291,
  461,
  893,
  852,
  902,
  571,
  319,
  483,
  457,
  425,
  15,
  84,
  602,
  37,
  425,
  855,
  276,
  886,
  579,
  155,
  137,
  357,
  594,
  121,
  361,
  25,
  477,
  679,
  108,
  265,
  665,
  247,
  439,
  442,
  726,
  265,
  166,
  639,
  446,
  895,
  878,
  633,
  216,
  167,
  64,
  844,
  742,
  656,
  929,
  100,
  710,
  448,
  623,
  37,
  94,
  444,
  966,
  447,
  302,
  715,
  754,
  472,
  18,
  663,
  13,
  822,
  778,
  140,
  59,
  53,
  176,
  265,
  81,
  593,
  240,
  293,
  650,
  160,
  125,
  10,
  552,
  826,
  867,
  697,
  9,
  120,
  832,
  616,
  718,
  137,
  314,
  434,
  996,
  779,
  508,
  995,
  182,
  283,
  895,
  31,
  283,
  340,
  922,
  238,
  632,
  947,
  377,
  96,
  777,
  757,
  535,
  33,
  55,
  761,
  828,
  421,
  197,
  964,
  438,
  183,
  468,
  990,
  214,
  162,
  14,
  256,
  868,
  608,
  743,
  586,
  395,
  897,
  908,
  254,
  334,
  676,
  179,
  947,
  808,
  635,
  407,
  258,
  348,
  993,
  294,
  454,
  481,
  695,
  975,
  804,
  923,
  132,
  528,
  73,
  106,
  589,
  131,
  623,
  333,
  265,
  749,
  379,
  243,
  437,
  624,
  566,
  701,
  940,
  747,
  104,
  192,
  1,
  436,
  428,
  753,
  754,
  981,
  729,
  810,
  792,
  497,
  311,
  716,
  560,
  820,
  994,
  333,
  139,
  565,
  693,
  951,
  231,
  356,
  184,
  948,
  325,
  275,
  515,
  413,
  119,
  608,
  545,
  461,
  680,
  393,
  787,
  49,
  6,
  553,
  486,
  500,
  623,
  643,
  789,
  943,
  361,
  633,
  14,
  304,
  434,
  93,
  105,
  163,
  26,
  827,
  910,
  148,
  938,
  579,
  603,
  916,
  179,
  557,
  246,
  13,
  557,
  639,
  672,
  903,
  424,
  978,
  996,
  308,
  576,
  461,
  135,
  287,
  131,
  629,
  172,
  591,
  767,
  495,
  117,
  179,
  585,
  893,
  600,
  167,
  95,
  874,
  341,
  482,
  601,
  1,
  312,
  693,
  268,
  425,
  611,
  712,
  471,
  300,
  816,
  295,
  362,
  941,
  72,
  776,
  73,
  529,
  910,
  79,
  56,
  910,
  81,
  141,
  480,
  801,
  930,
  697,
  895,
  727,
  393,
  284,
  643,
  860,
  559,
  23,
  694,
  377,
  169,
  589,
  710,
  103,
  324,
  286,
  25,
  613,
  428,
  530,
  416,
  785,
  833,
  164,
  951,
  412,
  178,
  966,
  192,
  740,
  572,
  235,
  60,
  411,
  850,
  976,
  684,
  308,
  264,
  378,
  399,
  673,
  700,
  785,
  653,
  507,
  175,
  286,
  858,
  903,
  39,
  56,
  112,
  304,
  514,
  0,
  815,
  359,
  723,
  250,
  173,
  344,
  269,
  171,
  766,
  79,
  143,
  926,
  844,
  871,
  952,
  805,
  146,
  812,
  876,
  783,
  29,
  61,
  23,
  757,
  958,
  796,
  975,
  47,
  344,
  408,
  451,
  62,
  267,
  535,
  765,
  154,
  625,
  706,
  130,
  268,
  114,
  125,
  787,
  330,
  973,
  315,
  281,
  902,
  539,
  68,
  708,
  886,
  650,
  648,
  45,
  522,
  114,
  727,
  878,
  144,
  670,
  261,
  623,
  708,
  33,
  506,
  711,
  258,
  633,
  26,
  734,
  230,
  103,
  901,
  597,
  909,
  375,
  89,
  620,
  192,
  276,
  197,
  515,
  402,
  554,
  430,
  567,
  669,
  555,
  617,
  800,
  1000,
  174,
  45,
  789,
  848,
  757,
  14,
  702,
  49,
  845,
  726,
  992,
  700,
  43,
  374,
  624,
  471,
  846,
  872,
  886,
  62,
  818,
  175,
  794,
  802,
  659,
  660,
  935,
  295,
  345,
  80,
  180,
  562,
  153,
  719,
  627,
  563,
  512,
  781,
  628,
  909,
  727,
  837,
  129,
  970,
  418,
  425,
  668,
  930,
  65,
  817,
  486,
  371,
  818,
  789,
  932,
  588,
  887,
  314,
  791,
  158,
  162,
  753,
  233,
  500,
  223,
  862,
  320,
  15,
  681,
  510,
  710,
  130,
  284,
  425,
  519,
  34,
  149,
  419,
  5,
  233,
  233,
  140,
  803,
  7,
  146,
  21,
  254,
  48,
  910,
  177,
  224,
  744,
  491,
  48,
  726,
  361,
  257,
  869,
  947,
  735,
  439,
  24,
  277,
  950,
  737,
  183,
  150,
  864,
  683,
  108,
  177,
  966,
  49,
  290,
  162,
  351,
  105,
  550,
  144,
  689,
  358,
  66,
  411,
  625,
  602,
  861,
  381,
  361,
  880,
  404,
  964,
  722,
  873,
  919,
  604,
  382,
  272,
  347,
  598,
  541,
  592,
  879,
  47,
  621,
  421,
  243,
  387,
  495,
  61,
  872,
  257,
  548,
  979,
  924,
  314,
  149,
  72,
  469,
  89,
  243,
  617,
  283,
  509,
  45,
  733,
  148,
  606,
  830,
  682,
  628,
  415,
  7,
  331,
  699,
  973,
  766,
  326,
  634,
  370,
  738,
  786,
  211,
  719,
  183,
  11,
  863,
  807,
  965,
  457,
  1000,
  5,
  294,
  907,
  691,
  231,
  677,
  934,
  677,
  150,
  23,
  457,
  414,
  100,
};

int ref[] = {
  0,
  1,
  1,
  1,
  2,
  3,
  5,
  5,
  6,
  7,
  7,
  7,
  9,
  10,
  10,
  10,
  11,
  13,
  13,
  13,
  13,
  14,
  14,
  14,
  15,
  15,
  16,
  18,
  21,
  23,
  23,
  23,
  24,
  25,
  25,
  26,
  26,
  26,
  27,
  27,
  29,
  31,
  33,
  33,
  34,
  37,
  37,
  39,
  40,
  40,
  41,
  43,
  43,
  44,
  45,
  45,
  45,
  46,
  47,
  47,
  47,
  48,
  48,
  49,
  49,
  49,
  49,
  53,
  55,
  55,
  55,
  56,
  56,
  56,
  59,
  60,
  61,
  61,
  61,
  61,
  62,
  62,
  63,
  64,
  64,
  65,
  65,
  66,
  68,
  71,
  72,
  72,
  73,
  73,
  74,
  77,
  78,
  78,
  78,
  79,
  79,
  79,
  79,
  80,
  81,
  81,
  81,
  84,
  85,
  87,
  89,
  89,
  93,
  94,
  95,
  96,
  99,
  99,
  100,
  100,
  100,
  103,
  103,
  104,
  105,
  105,
  106,
  107,
  108,
  108,
  108,
  110,
  112,
  114,
  114,
  117,
  117,
  117,
  119,
  120,
  121,
  121,
  121,
  122,
  122,
  125,
  125,
  126,
  128,
  129,
  130,
  130,
  130,
  130,
  131,
  131,
  132,
  132,
  133,
  134,
  135,
  137,
  137,
  138,
  139,
  140,
  140,
  140,
  141,
  143,
  144,
  144,
  146,
  146,
  146,
  146,
  148,
  148,
  148,
  148,
  149,
  149,
  149,
  150,
  150,
  153,
  154,
  155,
  158,
  160,
  162,
  162,
  162,
  162,
  163,
  164,
  165,
  166,
  167,
  167,
  167,
  169,
  171,
  172,
  173,
  174,
  174,
  174,
  175,
  175,
  176,
  176,
  177,
  177,
  178,
  178,
  179,
  179,
  179,
  179,
  180,
  182,
  182,
  183,
  183,
  183,
  183,
  184,
  187,
  192,
  192,
  192,
  197,
  197,
  197,
  197,
  211,
  213,
  214,
  214,
  215,
  216,
  220,
  220,
  223,
  224,
  224,
  224,
  225,
  226,
  229,
  229,
  230,
  231,
  231,
  233,
  233,
  233,
  235,
  238,
  240,
  242,
  243,
  243,
  243,
  246,
  247,
  247,
  250,
  250,
  254,
  254,
  256,
  256,
  257,
  257,
  258,
  258,
  258,
  260,
  261,
  264,
  264,
  265,
  265,
  265,
  265,
  266,
  267,
  268,
  268,
  268,
  269,
  272,
  272,
  274,
  274,
  275,
  275,
  276,
  276,
  276,
  277,
  281,
  281,
  281,
  281,
  283,
  283,
  283,
  284,
  284,
  285,
  285,
  286,
  286,
  287,
  287,
  288,
  288,
  290,
  291,
  292,
  293,
  293,
  294,
  294,
  294,
  295,
  295,
  297,
  300,
  302,
  304,
  304,
  308,
  308,
  310,
  311,
  311,
  312,
  314,
  314,
  314,
  315,
  319,
  320,
  320,
  321,
  323,
  324,
  324,
  325,
  325,
  326,
  329,
  330,
  331,
  333,
  333,
  334,
  334,
  334,
  336,
  338,
  340,
  340,
  341,
  344,
  344,
  345,
  347,
  348,
  349,
  351,
  354,
  356,
  357,
  358,
  359,
  361,
  361,
  361,
  361,
  361,
  362,
  362,
  366,
  369,
  370,
  371,
  373,
  373,
  374,
  375,
  377,
  377,
  378,
  378,
  379,
  381,
  381,
  381,
  381,
  382,
  385,
  385,
  387,
  389,
  393,
  393,
  395,
  395,
  396,
  398,
  399,
  402,
  403,
  404,
  404,
  405,
  407,
  408,
  411,
  411,
  411,
  412,
  412,
  413,
  414,
  414,
  415,
  416,
  418,
  419,
  421,
  421,
  421,
  421,
  421,
  424,
  425,
  425,
  425,
  425,
  425,
  425,
  425,
  427,
  428,
  428,
  428,
  429,
  430,
  434,
  434,
  435,
  435,
  435,
  436,
  436,
  437,
  438,
  439,
  439,
  442,
  444,
  444,
  446,
  447,
  448,
  449,
  450,
  451,
  451,
  454,
  456,
  457,
  457,
  457,
  457,
  461,
  461,
  461,
  465,
  465,
  468,
  469,
  469,
  470,
  471,
  471,
  472,
  473,
  476,
  477,
  477,
  480,
  481,
  481,
  482,
  483,
  486,
  486,
  486,
  487,
  489,
  489,
  491,
  491,
  492,
  495,
  495,
  497,
  498,
  499,
  500,
  500,
  506,
  507,
  508,
  509,
  509,
  510,
  510,
  511,
  511,
  512,
  512,
  514,
  515,
  515,
  516,
  519,
  522,
  527,
  527,
  528,
  529,
  530,
  533,
  535,
  535,
  537,
  539,
  541,
  543,
  543,
  544,
  545,
  548,
  550,
  552,
  553,
  554,
  555,
  556,
  557,
  557,
  557,
  559,
  560,
  562,
  563,
  565,
  566,
  567,
  568,
  571,
  572,
  575,
  576,
  579,
  579,
  579,
  580,
  585,
  586,
  587,
  588,
  589,
  589,
  591,
  591,
  592,
  592,
  593,
  594,
  594,
  594,
  595,
  597,
  598,
  600,
  601,
  601,
  602,
  602,
  603,
  604,
  606,
  606,
  607,
  607,
  608,
  608,
  609,
  611,
  613,
  613,
  615,
  616,
  617,
  617,
  620,
  621,
  623,
  623,
  623,
  623,
  624,
  624,
  625,
  625,
  627,
  628,
  628,
  628,
  629,
  629,
  631,
  632,
  633,
  633,
  633,
  634,
  635,
  639,
  639,
  640,
  643,
  643,
  646,
  647,
  648,
  650,
  650,
  650,
  651,
  653,
  654,
  654,
  656,
  658,
  659,
  660,
  660,
  663,
  663,
  663,
  665,
  666,
  668,
  669,
  670,
  671,
  672,
  673,
  673,
  676,
  677,
  677,
  678,
  679,
  679,
  680,
  681,
  681,
  682,
  683,
  683,
  684,
  684,
  686,
  686,
  689,
  689,
  691,
  691,
  693,
  693,
  694,
  695,
  697,
  697,
  697,
  699,
  700,
  700,
  700,
  701,
  701,
  701,
  702,
  704,
  705,
  706,
  707,
  708,
  708,
  709,
  710,
  710,
  710,
  710,
  711,
  712,
  713,
  715,
  715,
  716,
  718,
  719,
  719,
  719,
  719,
  720,
  722,
  723,
  726,
  726,
  726,
  727,
  727,
  727,
  727,
  728,
  728,
  729,
  730,
  732,
  733,
  734,
  734,
  735,
  737,
  738,
  740,
  740,
  742,
  743,
  743,
  744,
  747,
  747,
  748,
  749,
  749,
  752,
  753,
  753,
  754,
  754,
  757,
  757,
  757,
  761,
  762,
  763,
  765,
  766,
  766,
  767,
  769,
  770,
  776,
  776,
  777,
  778,
  779,
  780,
  781,
  783,
  783,
  785,
  785,
  785,
  786,
  786,
  786,
  787,
  787,
  787,
  789,
  789,
  789,
  791,
  792,
  792,
  793,
  793,
  794,
  795,
  795,
  796,
  797,
  800,
  800,
  801,
  802,
  803,
  804,
  805,
  807,
  808,
  809,
  810,
  810,
  810,
  812,
  813,
  814,
  815,
  815,
  816,
  816,
  816,
  817,
  818,
  818,
  818,
  820,
  822,
  825,
  826,
  827,
  828,
  830,
  832,
  833,
  835,
  837,
  838,
  840,
  842,
  844,
  844,
  845,
  846,
  848,
  850,
  850,
  852,
  853,
  853,
  854,
  855,
  855,
  855,
  858,
  859,
  859,
  860,
  861,
  862,
  862,
  863,
  863,
  864,
  865,
  866,
  867,
  868,
  868,
  868,
  869,
  871,
  872,
  872,
  872,
  873,
  874,
  876,
  876,
  878,
  878,
  879,
  880,
  880,
  883,
  884,
  886,
  886,
  886,
  887,
  893,
  893,
  895,
  895,
  895,
  897,
  898,
  898,
  901,
  901,
  902,
  902,
  902,
  903,
  903,
  904,
  904,
  905,
  906,
  907,
  908,
  909,
  909,
  910,
  910,
  910,
  910,
  914,
  914,
  916,
  917,
  918,
  919,
  920,
  922,
  923,
  924,
  925,
  926,
  928,
  929,
  930,
  930,
  930,
  932,
  932,
  934,
  934,
  935,
  938,
  938,
  939,
  940,
  940,
  941,
  943,
  943,
  947,
  947,
  947,
  947,
  948,
  950,
  951,
  951,
  952,
  952,
  957,
  958,
  959,
  959,
  960,
  964,
  964,
  965,
  966,
  966,
  966,
  967,
  967,
  970,
  971,
  973,
  973,
  974,
  975,
  975,
  976,
  978,
  979,
  980,
  981,
  982,
  987,
  990,
  992,
  993,
  994,
  995,
  995,
  996,
  996,
  999,
  1000,
  1000,
};

