// Data set for ubmark-sort

int size = 100;

int src[] = {
  959,
  838,
  814,
  51,
  649,
  696,
  761,
  558,
  931,
  384,
  419,
  427,
  744,
  319,
  702,
  207,
  919,
  291,
  390,
  578,
  692,
  30,
  541,
  656,
  250,
  227,
  811,
  870,
  384,
  775,
  219,
  290,
  585,
  181,
  344,
  577,
  669,
  466,
  955,
  57,
  571,
  797,
  226,
  408,
  686,
  49,
  696,
  55,
  33,
  779,
  26,
  506,
  928,
  532,
  861,
  263,
  879,
  101,
  386,
  23,
  619,
  30,
  440,
  120,
  771,
  823,
  105,
  484,
  438,
  249,
  864,
  773,
  908,
  185,
  169,
  586,
  970,
  770,
  566,
  650,
  970,
  576,
  72,
  698,
  117,
  53,
  735,
  162,
  73,
  67,
  48,
  95,
  196,
  747,
  130,
  809,
  809,
  994,
  230,
  200,
};

int ref[] = {
  23,
  26,
  30,
  30,
  33,
  48,
  49,
  51,
  53,
  55,
  57,
  67,
  72,
  73,
  95,
  101,
  105,
  117,
  120,
  130,
  162,
  169,
  181,
  185,
  196,
  200,
  207,
  219,
  226,
  227,
  230,
  249,
  250,
  263,
  290,
  291,
  319,
  344,
  384,
  384,
  386,
  390,
  408,
  419,
  427,
  438,
  440,
  466,
  484,
  506,
  532,
  541,
  558,
  566,
  571,
  576,
  577,
  578,
  585,
  586,
  619,
  649,
  650,
  656,
  669,
  686,
  692,
  696,
  696,
  698,
  702,
  735,
  744,
  747,
  761,
  770,
  771,
  773,
  775,
  779,
  797,
  809,
  809,
  811,
  814,
  823,
  838,
  861,
  864,
  870,
  879,
  908,
  919,
  928,
  931,
  955,
  959,
  970,
  970,
  994,
};

