// Data set for ubmark-sort

int size = 1000;

int src[] = {
  736,
  817,
  568,
  772,
  821,
  333,
  168,
  44,
  122,
  607,
  446,
  427,
  437,
  534,
  52,
  333,
  209,
  375,
  591,
  46,
  171,
  150,
  955,
  658,
  570,
  779,
  559,
  734,
  891,
  848,
  955,
  859,
  860,
  799,
  621,
  836,
  202,
  190,
  43,
  82,
  24,
  204,
  372,
  67,
  810,
  945,
  236,
  742,
  155,
  362,
  134,
  211,
  290,
  289,
  167,
  60,
  575,
  457,
  725,
  597,
  284,
  617,
  404,
  699,
  795,
  870,
  323,
  409,
  547,
  404,
  847,
  955,
  89,
  850,
  302,
  768,
  689,
  89,
  133,
  411,
  973,
  268,
  956,
  173,
  949,
  194,
  708,
  813,
  78,
  630,
  83,
  519,
  882,
  735,
  72,
  69,
  684,
  703,
  249,
  327,
  177,
  908,
  528,
  884,
  576,
  888,
  234,
  139,
  456,
  175,
  986,
  541,
  710,
  679,
  111,
  521,
  643,
  682,
  93,
  838,
  475,
  443,
  204,
  969,
  105,
  578,
  346,
  583,
  715,
  320,
  614,
  302,
  772,
  997,
  333,
  199,
  682,
  838,
  376,
  431,
  532,
  125,
  717,
  889,
  621,
  253,
  257,
  331,
  711,
  90,
  105,
  494,
  593,
  159,
  726,
  727,
  593,
  517,
  731,
  560,
  3,
  53,
  921,
  959,
  598,
  925,
  0,
  791,
  166,
  511,
  698,
  617,
  816,
  262,
  740,
  450,
  588,
  163,
  122,
  160,
  509,
  770,
  548,
  818,
  643,
  441,
  105,
  245,
  902,
  499,
  877,
  417,
  909,
  368,
  766,
  179,
  152,
  227,
  795,
  810,
  731,
  656,
  198,
  283,
  597,
  577,
  257,
  716,
  290,
  288,
  368,
  949,
  106,
  680,
  313,
  24,
  747,
  846,
  408,
  496,
  551,
  770,
  636,
  398,
  744,
  146,
  493,
  204,
  661,
  562,
  946,
  434,
  965,
  386,
  488,
  353,
  952,
  474,
  440,
  943,
  128,
  254,
  383,
  355,
  377,
  3,
  943,
  725,
  240,
  458,
  297,
  389,
  313,
  756,
  40,
  924,
  263,
  524,
  383,
  642,
  219,
  175,
  105,
  644,
  251,
  536,
  584,
  905,
  538,
  822,
  861,
  188,
  477,
  348,
  663,
  904,
  101,
  140,
  744,
  843,
  768,
  173,
  603,
  372,
  996,
  916,
  156,
  129,
  154,
  619,
  983,
  935,
  281,
  802,
  946,
  624,
  898,
  838,
  170,
  738,
  769,
  55,
  130,
  695,
  916,
  703,
  2,
  857,
  341,
  734,
  652,
  442,
  117,
  64,
  745,
  399,
  949,
  277,
  539,
  375,
  892,
  700,
  651,
  128,
  653,
  973,
  269,
  603,
  410,
  409,
  624,
  582,
  104,
  39,
  351,
  857,
  330,
  558,
  548,
  363,
  836,
  926,
  494,
  677,
  52,
  10,
  920,
  614,
  36,
  169,
  39,
  515,
  191,
  970,
  438,
  995,
  99,
  500,
  697,
  72,
  668,
  613,
  811,
  768,
  49,
  899,
  331,
  830,
  114,
  758,
  782,
  318,
  676,
  79,
  107,
  220,
  775,
  655,
  418,
  596,
  304,
  251,
  744,
  825,
  162,
  346,
  602,
  123,
  844,
  64,
  796,
  480,
  863,
  12,
  237,
  370,
  908,
  855,
  291,
  579,
  946,
  405,
  439,
  114,
  466,
  206,
  153,
  364,
  370,
  613,
  578,
  280,
  706,
  343,
  27,
  509,
  527,
  701,
  858,
  518,
  546,
  48,
  166,
  922,
  213,
  129,
  93,
  570,
  597,
  740,
  230,
  967,
  265,
  72,
  215,
  679,
  524,
  462,
  974,
  514,
  226,
  992,
  227,
  865,
  343,
  969,
  369,
  848,
  46,
  563,
  896,
  607,
  661,
  827,
  538,
  248,
  459,
  677,
  291,
  380,
  665,
  131,
  11,
  459,
  576,
  294,
  407,
  914,
  555,
  615,
  103,
  924,
  546,
  279,
  518,
  285,
  418,
  127,
  501,
  995,
  508,
  285,
  662,
  782,
  433,
  649,
  718,
  359,
  266,
  396,
  754,
  164,
  592,
  281,
  95,
  744,
  682,
  877,
  52,
  197,
  169,
  128,
  263,
  132,
  69,
  75,
  512,
  12,
  792,
  834,
  846,
  512,
  93,
  27,
  569,
  493,
  718,
  27,
  427,
  255,
  410,
  818,
  668,
  414,
  366,
  995,
  138,
  20,
  845,
  144,
  731,
  730,
  978,
  515,
  87,
  955,
  110,
  418,
  946,
  476,
  438,
  470,
  615,
  601,
  774,
  641,
  292,
  46,
  912,
  326,
  143,
  614,
  855,
  728,
  2,
  372,
  824,
  201,
  316,
  269,
  751,
  59,
  153,
  990,
  696,
  852,
  819,
  914,
  582,
  441,
  991,
  239,
  69,
  757,
  618,
  69,
  388,
  277,
  724,
  548,
  808,
  852,
  315,
  595,
  233,
  978,
  32,
  417,
  224,
  150,
  710,
  226,
  753,
  456,
  2,
  519,
  34,
  744,
  812,
  356,
  847,
  814,
  288,
  530,
  327,
  983,
  446,
  949,
  791,
  485,
  26,
  6,
  886,
  81,
  799,
  105,
  414,
  678,
  921,
  414,
  923,
  733,
  831,
  592,
  977,
  128,
  636,
  498,
  379,
  278,
  917,
  258,
  785,
  668,
  992,
  763,
  20,
  277,
  137,
  350,
  174,
  871,
  278,
  816,
  702,
  167,
  147,
  839,
  399,
  972,
  138,
  861,
  910,
  525,
  308,
  828,
  12,
  459,
  487,
  918,
  449,
  520,
  886,
  90,
  500,
  683,
  502,
  958,
  911,
  501,
  838,
  333,
  744,
  317,
  291,
  715,
  175,
  684,
  706,
  750,
  2,
  615,
  349,
  531,
  54,
  738,
  910,
  355,
  375,
  662,
  375,
  724,
  278,
  168,
  915,
  828,
  341,
  236,
  300,
  247,
  711,
  951,
  981,
  71,
  347,
  960,
  865,
  990,
  575,
  507,
  188,
  351,
  427,
  535,
  253,
  331,
  137,
  717,
  903,
  751,
  636,
  846,
  481,
  29,
  42,
  363,
  968,
  738,
  20,
  608,
  474,
  984,
  825,
  961,
  229,
  922,
  506,
  388,
  589,
  931,
  762,
  102,
  828,
  579,
  868,
  359,
  468,
  163,
  349,
  837,
  256,
  714,
  96,
  512,
  928,
  565,
  480,
  950,
  969,
  359,
  316,
  395,
  570,
  203,
  797,
  723,
  83,
  957,
  791,
  464,
  294,
  144,
  200,
  999,
  677,
  855,
  666,
  112,
  666,
  723,
  127,
  817,
  566,
  816,
  11,
  913,
  158,
  771,
  499,
  550,
  799,
  674,
  721,
  69,
  892,
  51,
  151,
  810,
  178,
  780,
  412,
  264,
  973,
  62,
  114,
  165,
  826,
  764,
  278,
  386,
  694,
  563,
  788,
  314,
  319,
  325,
  444,
  564,
  284,
  488,
  751,
  960,
  55,
  783,
  184,
  168,
  594,
  976,
  289,
  905,
  696,
  653,
  509,
  159,
  377,
  625,
  831,
  751,
  726,
  446,
  88,
  213,
  427,
  157,
  493,
  403,
  1000,
  1000,
  400,
  642,
  301,
  986,
  84,
  356,
  550,
  521,
  734,
  738,
  666,
  874,
  751,
  884,
  888,
  961,
  779,
  25,
  422,
  633,
  142,
  904,
  805,
  925,
  623,
  874,
  801,
  188,
  267,
  814,
  419,
  33,
  261,
  471,
  840,
  252,
  844,
  731,
  396,
  670,
  532,
  83,
  373,
  647,
  439,
  380,
  676,
  949,
  280,
  747,
  892,
  290,
  359,
  62,
  174,
  15,
  620,
  561,
  846,
  245,
  423,
  307,
  838,
  106,
  297,
  886,
  731,
  930,
  851,
  657,
  115,
  650,
  942,
  28,
  536,
  637,
  823,
  557,
  577,
  101,
  282,
  821,
  145,
  424,
  605,
  135,
  183,
  966,
  936,
  805,
  207,
  494,
  919,
  276,
  199,
  855,
  1000,
  107,
  254,
  794,
  681,
  566,
  263,
  301,
  575,
  87,
  343,
  677,
  123,
  463,
  328,
  548,
  184,
  757,
  337,
  596,
  275,
  345,
  276,
  427,
  669,
  410,
  372,
  128,
  787,
  705,
  843,
  315,
  135,
  623,
  202,
  847,
  779,
  445,
  740,
  513,
  317,
  607,
  953,
  658,
  466,
  157,
  974,
  985,
  257,
  317,
  770,
  770,
  801,
  114,
  671,
  9,
};

int ref[] = {
  0,
  2,
  2,
  2,
  2,
  3,
  3,
  6,
  9,
  10,
  11,
  11,
  12,
  12,
  12,
  15,
  20,
  20,
  20,
  24,
  24,
  25,
  26,
  27,
  27,
  27,
  28,
  29,
  32,
  33,
  34,
  36,
  39,
  39,
  40,
  42,
  43,
  44,
  46,
  46,
  46,
  48,
  49,
  51,
  52,
  52,
  52,
  53,
  54,
  55,
  55,
  59,
  60,
  62,
  62,
  64,
  64,
  67,
  69,
  69,
  69,
  69,
  69,
  71,
  72,
  72,
  72,
  75,
  78,
  79,
  81,
  82,
  83,
  83,
  83,
  84,
  87,
  87,
  88,
  89,
  89,
  90,
  90,
  93,
  93,
  93,
  95,
  96,
  99,
  101,
  101,
  102,
  103,
  104,
  105,
  105,
  105,
  105,
  105,
  106,
  106,
  107,
  107,
  110,
  111,
  112,
  114,
  114,
  114,
  114,
  115,
  117,
  122,
  122,
  123,
  123,
  125,
  127,
  127,
  128,
  128,
  128,
  128,
  128,
  129,
  129,
  130,
  131,
  132,
  133,
  134,
  135,
  135,
  137,
  137,
  138,
  138,
  139,
  140,
  142,
  143,
  144,
  144,
  145,
  146,
  147,
  150,
  150,
  151,
  152,
  153,
  153,
  154,
  155,
  156,
  157,
  157,
  158,
  159,
  159,
  160,
  162,
  163,
  163,
  164,
  165,
  166,
  166,
  167,
  167,
  168,
  168,
  168,
  169,
  169,
  170,
  171,
  173,
  173,
  174,
  174,
  175,
  175,
  175,
  177,
  178,
  179,
  183,
  184,
  184,
  188,
  188,
  188,
  190,
  191,
  194,
  197,
  198,
  199,
  199,
  200,
  201,
  202,
  202,
  203,
  204,
  204,
  204,
  206,
  207,
  209,
  211,
  213,
  213,
  215,
  219,
  220,
  224,
  226,
  226,
  227,
  227,
  229,
  230,
  233,
  234,
  236,
  236,
  237,
  239,
  240,
  245,
  245,
  247,
  248,
  249,
  251,
  251,
  252,
  253,
  253,
  254,
  254,
  255,
  256,
  257,
  257,
  257,
  258,
  261,
  262,
  263,
  263,
  263,
  264,
  265,
  266,
  267,
  268,
  269,
  269,
  275,
  276,
  276,
  277,
  277,
  277,
  278,
  278,
  278,
  278,
  279,
  280,
  280,
  281,
  281,
  282,
  283,
  284,
  284,
  285,
  285,
  288,
  288,
  289,
  289,
  290,
  290,
  290,
  291,
  291,
  291,
  292,
  294,
  294,
  297,
  297,
  300,
  301,
  301,
  302,
  302,
  304,
  307,
  308,
  313,
  313,
  314,
  315,
  315,
  316,
  316,
  317,
  317,
  317,
  318,
  319,
  320,
  323,
  325,
  326,
  327,
  327,
  328,
  330,
  331,
  331,
  331,
  333,
  333,
  333,
  333,
  337,
  341,
  341,
  343,
  343,
  343,
  345,
  346,
  346,
  347,
  348,
  349,
  349,
  350,
  351,
  351,
  353,
  355,
  355,
  356,
  356,
  359,
  359,
  359,
  359,
  362,
  363,
  363,
  364,
  366,
  368,
  368,
  369,
  370,
  370,
  372,
  372,
  372,
  372,
  373,
  375,
  375,
  375,
  375,
  376,
  377,
  377,
  379,
  380,
  380,
  383,
  383,
  386,
  386,
  388,
  388,
  389,
  395,
  396,
  396,
  398,
  399,
  399,
  400,
  403,
  404,
  404,
  405,
  407,
  408,
  409,
  409,
  410,
  410,
  410,
  411,
  412,
  414,
  414,
  414,
  417,
  417,
  418,
  418,
  418,
  419,
  422,
  423,
  424,
  427,
  427,
  427,
  427,
  427,
  431,
  433,
  434,
  437,
  438,
  438,
  439,
  439,
  440,
  441,
  441,
  442,
  443,
  444,
  445,
  446,
  446,
  446,
  449,
  450,
  456,
  456,
  457,
  458,
  459,
  459,
  459,
  462,
  463,
  464,
  466,
  466,
  468,
  470,
  471,
  474,
  474,
  475,
  476,
  477,
  480,
  480,
  481,
  485,
  487,
  488,
  488,
  493,
  493,
  493,
  494,
  494,
  494,
  496,
  498,
  499,
  499,
  500,
  500,
  501,
  501,
  502,
  506,
  507,
  508,
  509,
  509,
  509,
  511,
  512,
  512,
  512,
  513,
  514,
  515,
  515,
  517,
  518,
  518,
  519,
  519,
  520,
  521,
  521,
  524,
  524,
  525,
  527,
  528,
  530,
  531,
  532,
  532,
  534,
  535,
  536,
  536,
  538,
  538,
  539,
  541,
  546,
  546,
  547,
  548,
  548,
  548,
  548,
  550,
  550,
  551,
  555,
  557,
  558,
  559,
  560,
  561,
  562,
  563,
  563,
  564,
  565,
  566,
  566,
  568,
  569,
  570,
  570,
  570,
  575,
  575,
  575,
  576,
  576,
  577,
  577,
  578,
  578,
  579,
  579,
  582,
  582,
  583,
  584,
  588,
  589,
  591,
  592,
  592,
  593,
  593,
  594,
  595,
  596,
  596,
  597,
  597,
  597,
  598,
  601,
  602,
  603,
  603,
  605,
  607,
  607,
  607,
  608,
  613,
  613,
  614,
  614,
  614,
  615,
  615,
  615,
  617,
  617,
  618,
  619,
  620,
  621,
  621,
  623,
  623,
  624,
  624,
  625,
  630,
  633,
  636,
  636,
  636,
  637,
  641,
  642,
  642,
  643,
  643,
  644,
  647,
  649,
  650,
  651,
  652,
  653,
  653,
  655,
  656,
  657,
  658,
  658,
  661,
  661,
  662,
  662,
  663,
  665,
  666,
  666,
  666,
  668,
  668,
  668,
  669,
  670,
  671,
  674,
  676,
  676,
  677,
  677,
  677,
  677,
  678,
  679,
  679,
  680,
  681,
  682,
  682,
  682,
  683,
  684,
  684,
  689,
  694,
  695,
  696,
  696,
  697,
  698,
  699,
  700,
  701,
  702,
  703,
  703,
  705,
  706,
  706,
  708,
  710,
  710,
  711,
  711,
  714,
  715,
  715,
  716,
  717,
  717,
  718,
  718,
  721,
  723,
  723,
  724,
  724,
  725,
  725,
  726,
  726,
  727,
  728,
  730,
  731,
  731,
  731,
  731,
  731,
  733,
  734,
  734,
  734,
  735,
  736,
  738,
  738,
  738,
  738,
  740,
  740,
  740,
  742,
  744,
  744,
  744,
  744,
  744,
  744,
  745,
  747,
  747,
  750,
  751,
  751,
  751,
  751,
  751,
  753,
  754,
  756,
  757,
  757,
  758,
  762,
  763,
  764,
  766,
  768,
  768,
  768,
  769,
  770,
  770,
  770,
  770,
  771,
  772,
  772,
  774,
  775,
  779,
  779,
  779,
  780,
  782,
  782,
  783,
  785,
  787,
  788,
  791,
  791,
  791,
  792,
  794,
  795,
  795,
  796,
  797,
  799,
  799,
  799,
  801,
  801,
  802,
  805,
  805,
  808,
  810,
  810,
  810,
  811,
  812,
  813,
  814,
  814,
  816,
  816,
  816,
  817,
  817,
  818,
  818,
  819,
  821,
  821,
  822,
  823,
  824,
  825,
  825,
  826,
  827,
  828,
  828,
  828,
  830,
  831,
  831,
  834,
  836,
  836,
  837,
  838,
  838,
  838,
  838,
  838,
  839,
  840,
  843,
  843,
  844,
  844,
  845,
  846,
  846,
  846,
  846,
  847,
  847,
  847,
  848,
  848,
  850,
  851,
  852,
  852,
  855,
  855,
  855,
  855,
  857,
  857,
  858,
  859,
  860,
  861,
  861,
  863,
  865,
  865,
  868,
  870,
  871,
  874,
  874,
  877,
  877,
  882,
  884,
  884,
  886,
  886,
  886,
  888,
  888,
  889,
  891,
  892,
  892,
  892,
  896,
  898,
  899,
  902,
  903,
  904,
  904,
  905,
  905,
  908,
  908,
  909,
  910,
  910,
  911,
  912,
  913,
  914,
  914,
  915,
  916,
  916,
  917,
  918,
  919,
  920,
  921,
  921,
  922,
  922,
  923,
  924,
  924,
  925,
  925,
  926,
  928,
  930,
  931,
  935,
  936,
  942,
  943,
  943,
  945,
  946,
  946,
  946,
  946,
  949,
  949,
  949,
  949,
  949,
  950,
  951,
  952,
  953,
  955,
  955,
  955,
  955,
  956,
  957,
  958,
  959,
  960,
  960,
  961,
  961,
  965,
  966,
  967,
  968,
  969,
  969,
  969,
  970,
  972,
  973,
  973,
  973,
  974,
  974,
  976,
  977,
  978,
  978,
  981,
  983,
  983,
  984,
  985,
  986,
  986,
  990,
  990,
  991,
  992,
  992,
  995,
  995,
  995,
  996,
  997,
  999,
  1000,
  1000,
  1000,
};

