// Data set for ubmark-sort

int size = 100;

int src[] = {
  840,
  467,
  504,
  741,
  69,
  973,
  515,
  906,
  714,
  638,
  474,
  653,
  135,
  730,
  810,
  865,
  663,
  568,
  413,
  904,
  114,
  612,
  781,
  834,
  445,
  35,
  272,
  301,
  175,
  873,
  949,
  479,
  63,
  338,
  793,
  609,
  310,
  184,
  607,
  652,
  107,
  433,
  782,
  504,
  884,
  352,
  547,
  298,
  628,
  213,
  216,
  304,
  83,
  37,
  19,
  67,
  89,
  841,
  720,
  403,
  284,
  142,
  141,
  450,
  911,
  39,
  53,
  972,
  156,
  471,
  278,
  607,
  193,
  41,
  164,
  379,
  365,
  304,
  534,
  703,
  330,
  822,
  482,
  81,
  513,
  221,
  288,
  446,
  484,
  352,
  513,
  666,
  671,
  2,
  904,
  539,
  120,
  785,
  691,
  405,
};

int ref[] = {
  2,
  19,
  35,
  37,
  39,
  41,
  53,
  63,
  67,
  69,
  81,
  83,
  89,
  107,
  114,
  120,
  135,
  141,
  142,
  156,
  164,
  175,
  184,
  193,
  213,
  216,
  221,
  272,
  278,
  284,
  288,
  298,
  301,
  304,
  304,
  310,
  330,
  338,
  352,
  352,
  365,
  379,
  403,
  405,
  413,
  433,
  445,
  446,
  450,
  467,
  471,
  474,
  479,
  482,
  484,
  504,
  504,
  513,
  513,
  515,
  534,
  539,
  547,
  568,
  607,
  607,
  609,
  612,
  628,
  638,
  652,
  653,
  663,
  666,
  671,
  691,
  703,
  714,
  720,
  730,
  741,
  781,
  782,
  785,
  793,
  810,
  822,
  834,
  840,
  841,
  865,
  873,
  884,
  904,
  904,
  906,
  911,
  949,
  972,
  973,
};

