// Data set for ubmark-sort

int size = 128;

int src[] = {
  90,
  44,
  585,
  443,
  395,
  587,
  226,
  707,
  22,
  874,
  755,
  162,
  738,
  261,
  594,
  979,
  121,
  286,
  673,
  401,
  868,
  893,
  505,
  998,
  922,
  389,
  406,
  784,
  552,
  17,
  847,
  0,
  371,
  8,
  614,
  378,
  511,
  235,
  323,
  967,
  866,
  320,
  93,
  418,
  147,
  204,
  519,
  59,
  784,
  844,
  995,
  752,
  844,
  777,
  163,
  235,
  176,
  715,
  649,
  35,
  105,
  849,
  121,
  788,
  705,
  740,
  785,
  296,
  13,
  530,
  122,
  738,
  73,
  903,
  507,
  471,
  342,
  774,
  158,
  75,
  219,
  819,
  284,
  639,
  89,
  415,
  356,
  175,
  254,
  582,
  925,
  294,
  282,
  558,
  424,
  904,
  771,
  909,
  295,
  848,
  520,
  219,
  336,
  160,
  777,
  447,
  869,
  761,
  801,
  324,
  62,
  879,
  62,
  130,
  378,
  88,
  384,
  842,
  551,
  1000,
  748,
  972,
  4,
  308,
  664,
  193,
  103,
  987,
};

int ref[] = {
  0,
  4,
  8,
  13,
  17,
  22,
  35,
  44,
  59,
  62,
  62,
  73,
  75,
  88,
  89,
  90,
  93,
  103,
  105,
  121,
  121,
  122,
  130,
  147,
  158,
  160,
  162,
  163,
  175,
  176,
  193,
  204,
  219,
  219,
  226,
  235,
  235,
  254,
  261,
  282,
  284,
  286,
  294,
  295,
  296,
  308,
  320,
  323,
  324,
  336,
  342,
  356,
  371,
  378,
  378,
  384,
  389,
  395,
  401,
  406,
  415,
  418,
  424,
  443,
  447,
  471,
  505,
  507,
  511,
  519,
  520,
  530,
  551,
  552,
  558,
  582,
  585,
  587,
  594,
  614,
  639,
  649,
  664,
  673,
  705,
  707,
  715,
  738,
  738,
  740,
  748,
  752,
  755,
  761,
  771,
  774,
  777,
  777,
  784,
  784,
  785,
  788,
  801,
  819,
  842,
  844,
  844,
  847,
  848,
  849,
  866,
  868,
  869,
  874,
  879,
  893,
  903,
  904,
  909,
  922,
  925,
  967,
  972,
  979,
  987,
  995,
  998,
  1000,
};

