// Data set for ubmark-sort

int size = 128;

int src[] = {
  797,
  858,
  417,
  572,
  850,
  517,
  296,
  570,
  117,
  286,
  821,
  683,
  74,
  348,
  879,
  53,
  823,
  665,
  43,
  874,
  946,
  606,
  831,
  280,
  920,
  524,
  975,
  383,
  247,
  419,
  606,
  781,
  351,
  870,
  639,
  400,
  330,
  656,
  539,
  602,
  527,
  10,
  640,
  504,
  502,
  978,
  356,
  114,
  552,
  653,
  460,
  586,
  104,
  208,
  607,
  433,
  780,
  999,
  898,
  724,
  875,
  598,
  891,
  374,
  539,
  838,
  911,
  703,
  485,
  249,
  603,
  143,
  381,
  687,
  994,
  23,
  172,
  582,
  823,
  884,
  518,
  362,
  193,
  463,
  671,
  434,
  914,
  653,
  758,
  558,
  734,
  637,
  420,
  323,
  565,
  174,
  474,
  21,
  481,
  827,
  987,
  570,
  141,
  8,
  633,
  276,
  647,
  980,
  130,
  152,
  286,
  395,
  214,
  389,
  618,
  961,
  139,
  796,
  402,
  806,
  75,
  861,
  793,
  554,
  759,
  875,
  237,
  980,
};

int ref[] = {
  8,
  10,
  21,
  23,
  43,
  53,
  74,
  75,
  104,
  114,
  117,
  130,
  139,
  141,
  143,
  152,
  172,
  174,
  193,
  208,
  214,
  237,
  247,
  249,
  276,
  280,
  286,
  286,
  296,
  323,
  330,
  348,
  351,
  356,
  362,
  374,
  381,
  383,
  389,
  395,
  400,
  402,
  417,
  419,
  420,
  433,
  434,
  460,
  463,
  474,
  481,
  485,
  502,
  504,
  517,
  518,
  524,
  527,
  539,
  539,
  552,
  554,
  558,
  565,
  570,
  570,
  572,
  582,
  586,
  598,
  602,
  603,
  606,
  606,
  607,
  618,
  633,
  637,
  639,
  640,
  647,
  653,
  653,
  656,
  665,
  671,
  683,
  687,
  703,
  724,
  734,
  758,
  759,
  780,
  781,
  793,
  796,
  797,
  806,
  821,
  823,
  823,
  827,
  831,
  838,
  850,
  858,
  861,
  870,
  874,
  875,
  875,
  879,
  884,
  891,
  898,
  911,
  914,
  920,
  946,
  961,
  975,
  978,
  980,
  980,
  987,
  994,
  999,
};

