//========================================================================
// Data set for ubmark-spmv; Sparcity = 0.03
//========================================================================

int num_rows = 128;

int rows[] = {0, 5, 9, 13, 15, 24, 29, 34, 38, 40, 43, 46, 51, 57, 63, 64, 67, 69, 74, 80, 85, 87, 91, 93, 101, 103, 110, 118, 121, 123, 125, 134, 137, 143, 147, 151, 158, 163, 166, 173, 176, 183, 185, 192, 195, 198, 202, 211, 213, 215, 219, 224, 226, 231, 236, 241, 243, 248, 252, 257, 259, 264, 267, 272, 274, 279, 283, 285, 290, 292, 300, 302, 304, 307, 310, 314, 317, 321, 323, 329, 334, 336, 339, 344, 347, 352, 354, 357, 361, 364, 366, 369, 373, 377, 380, 384, 388, 391, 397, 402, 407, 410, 415, 419, 424, 430, 435, 437, 445, 448, 451, 452, 458, 460, 464, 467, 468, 472, 475, 479, 481, 485, 489, 492, 492, 492, 492, 492, 492};

int cols[] = {24, 32, 79, 88, 113, 48, 87, 93, 108, 10, 23, 59, 94, 84, 104, 26, 46, 64, 72, 91, 96, 101, 106, 115, 68, 110, 117, 119, 126, 3, 9, 37, 88, 114, 36, 43, 83, 89, 58, 113, 21, 103, 125, 20, 72, 95, 27, 47, 95, 100, 113, 9, 18, 37, 52, 71, 80, 26, 31, 40, 108, 120, 123, 105, 8, 45, 61, 14, 117, 53, 68, 69, 94, 101, 28, 29, 38, 51, 100, 112, 6, 44, 72, 121, 123, 72, 109, 61, 67, 83, 111, 39, 46, 10, 21, 26, 33, 74, 79, 101, 104, 10, 119, 16, 25, 27, 37, 42, 102, 119, 9, 34, 79, 80, 90, 92, 111, 127, 11, 61, 126, 66, 97, 53, 85, 31, 33, 44, 59, 76, 80, 94, 113, 120, 48, 74, 76, 16, 30, 40, 64, 73, 99, 8, 39, 75, 112, 3, 14, 51, 117, 41, 68, 95, 96, 98, 111, 115, 14, 45, 92, 104, 127, 4, 6, 121, 66, 67, 80, 99, 108, 109, 117, 34, 104, 111, 15, 30, 44, 69, 97, 110, 120, 6, 23, 4, 6, 57, 69, 85, 99, 107, 54, 69, 93, 14, 36, 41, 38, 39, 77, 81, 10, 19, 21, 23, 25, 38, 43, 74, 104, 103, 125, 87, 101, 19, 43, 48, 97, 6, 32, 43, 89, 121, 3, 18, 0, 12, 29, 37, 122, 8, 29, 66, 68, 76, 4, 19, 57, 92, 114, 77, 87, 69, 75, 77, 97, 120, 30, 38, 72, 77, 42, 43, 50, 77, 117, 66, 113, 7, 23, 24, 57, 106, 19, 23, 120, 7, 8, 26, 58, 84, 31, 78, 7, 28, 41, 78, 115, 0, 91, 109, 125, 43, 71, 36, 62, 78, 102, 112, 55, 81, 0, 1, 76, 92, 95, 107, 116, 121, 61, 125, 27, 98, 2, 29, 81, 33, 82, 104, 23, 49, 90, 102, 8, 13, 90, 5, 19, 69, 88, 67, 113, 8, 52, 59, 82, 114, 119, 0, 7, 25, 27, 116, 65, 91, 89, 97, 100, 76, 92, 106, 116, 122, 100, 108, 126, 49, 64, 80, 114, 121, 4, 13, 6, 98, 106, 10, 22, 68, 101, 22, 27, 125, 91, 114, 69, 114, 124, 25, 30, 31, 54, 9, 51, 62, 117, 10, 70, 116, 64, 104, 112, 121, 23, 61, 93, 123, 55, 85, 117, 4, 68, 100, 112, 122, 124, 19, 49, 72, 74, 77, 1, 26, 31, 86, 121, 5, 11, 73, 2, 60, 113, 125, 126, 8, 26, 45, 105, 9, 76, 104, 109, 125, 16, 35, 42, 50, 67, 119, 55, 59, 62, 70, 82, 71, 95, 50, 52, 62, 90, 93, 105, 113, 125, 37, 56, 108, 23, 120, 121, 28, 26, 41, 67, 117, 119, 124, 64, 78, 5, 75, 89, 99, 16, 80, 104, 50, 16, 28, 93, 105, 13, 41, 91, 36, 73, 108, 122, 39, 86, 19, 25, 65, 118, 34, 36, 85, 94, 52, 92, 107};

int vals[] = {24, 86, 16, 81, 91, 48, 77, 25, 37, 99, 78, 84, 32, 13, 42, 48, 63, 35, 28, 100, 12, 8, 37, 88, 38, 91, 10, 61, 18, 18, 32, 87, 41, 94, 49, 38, 53, 9, 98, 36, 8, 92, 88, 24, 10, 77, 49, 21, 39, 38, 86, 28, 28, 49, 6, 18, 39, 26, 5, 71, 37, 23, 58, 20, 37, 38, 82, 93, 95, 75, 4, 45, 44, 57, 16, 18, 88, 13, 73, 11, 73, 33, 78, 79, 36, 28, 49, 92, 16, 85, 38, 83, 3, 24, 56, 100, 17, 78, 86, 62, 4, 47, 43, 47, 70, 88, 36, 75, 16, 100, 74, 79, 61, 15, 33, 42, 13, 4, 46, 95, 34, 5, 56, 12, 1, 5, 89, 19, 62, 44, 40, 44, 1, 77, 35, 75, 26, 15, 83, 39, 84, 93, 53, 84, 93, 48, 63, 4, 15, 50, 13, 26, 78, 69, 68, 76, 88, 52, 84, 98, 2, 75, 5, 88, 11, 91, 77, 75, 92, 27, 72, 81, 62, 8, 45, 7, 2, 89, 36, 70, 7, 34, 74, 2, 92, 7, 19, 20, 11, 27, 90, 8, 8, 66, 80, 85, 91, 77, 7, 32, 32, 2, 60, 53, 25, 36, 78, 53, 64, 8, 21, 6, 4, 83, 31, 75, 49, 42, 67, 65, 86, 52, 1, 47, 63, 4, 60, 58, 23, 86, 38, 71, 6, 57, 97, 20, 8, 46, 12, 89, 42, 34, 96, 58, 70, 76, 76, 43, 38, 51, 84, 72, 65, 26, 86, 76, 22, 27, 1, 91, 48, 3, 57, 47, 51, 47, 39, 23, 92, 27, 83, 89, 11, 20, 60, 27, 71, 31, 52, 37, 80, 32, 9, 93, 20, 9, 30, 26, 18, 90, 24, 2, 4, 50, 88, 37, 71, 36, 45, 49, 65, 75, 95, 6, 9, 18, 85, 23, 31, 93, 35, 39, 70, 56, 5, 77, 46, 80, 17, 18, 44, 96, 54, 98, 71, 15, 27, 74, 89, 17, 26, 56, 83, 27, 37, 73, 73, 76, 35, 43, 75, 4, 69, 56, 97, 14, 70, 11, 46, 13, 43, 89, 23, 53, 44, 21, 27, 58, 71, 7, 26, 52, 78, 49, 54, 57, 85, 70, 67, 91, 38, 59, 78, 34, 12, 55, 73, 91, 91, 56, 23, 95, 4, 97, 43, 99, 78, 31, 83, 49, 4, 75, 64, 8, 45, 73, 98, 46, 53, 9, 67, 92, 57, 66, 60, 57, 43, 99, 70, 72, 35, 55, 27, 9, 18, 73, 34, 2, 31, 62, 4, 6, 75, 6, 44, 69, 60, 90, 88, 63, 33, 74, 14, 9, 87, 48, 13, 56, 45, 87, 36, 96, 65, 92, 34, 81, 28, 26, 93, 8, 19, 96, 84, 99, 71, 87, 82, 20, 62, 68, 18, 55, 60, 75, 10, 99, 10, 89, 7, 73, 74, 90, 7, 54, 56, 96, 64, 96, 91, 54, 23, 3, 41, 89, 85, 2, 32, 11, 86, 50, 63, 51};

int v[] = {26, 78, 21, 64, 91, 7, 8, 70, 39, 97, 100, 70, 13, 54, 29, 93, 9, 15, 93, 28, 66, 45, 33, 90, 34, 65, 4, 78, 100, 42, 37, 27, 12, 97, 84, 44, 86, 41, 16, 84, 26, 48, 27, 44, 95, 10, 41, 71, 15, 28, 4, 2, 86, 60, 25, 49, 73, 73, 39, 90, 58, 61, 39, 95, 58, 74, 87, 12, 62, 10, 89, 1, 51, 2, 50, 18, 63, 73, 48, 61, 49, 12, 62, 46, 84, 54, 99, 80, 76, 4, 44, 51, 29, 31, 55, 25, 97, 88, 35, 24, 50, 66, 68, 80, 28, 83, 63, 31, 82, 89, 49, 5, 26, 4, 89, 84, 91, 73, 84, 13, 77, 33, 30, 37, 90, 60, 77, 90};

int ref[] = {9344, 10689, 26240, 2268, 22748, 9724, 19305, 8360, 3966, 13000, 4019, 8532, 9774, 9036, 1660, 6825, 9632, 11380, 7726, 11636, 5789, 9904, 7095, 20319, 5259, 17726, 21365, 11633, 5363, 774, 29238, 5913, 10550, 13590, 1740, 21873, 6024, 11099, 30394, 1967, 15579, 8296, 6225, 3340, 13987, 5160, 21571, 720, 8686, 10782, 5395, 4404, 7946, 15254, 9211, 10162, 17387, 11762, 10397, 2353, 17914, 8661, 16019, 1257, 16164, 8430, 4112, 6756, 1200, 19224, 8465, 7620, 1965, 6757, 11130, 6377, 4560, 1368, 20695, 14833, 6461, 8730, 13095, 11388, 10377, 4955, 2788, 10293, 10740, 7827, 13110, 10864, 10796, 22295, 7299, 13474, 7005, 23373, 13297, 13392, 5737, 5959, 5576, 13469, 7287, 15018, 373, 19850, 7497, 9613, 9600, 15157, 6860, 3156, 5221, 356, 17127, 5826, 18986, 6813, 16475, 8244, 7708, 0, 0, 0, 0, 0};