//========================================================================
// Data set for ubmark-spmv; Sparcity = 0.02
//========================================================================

int num_rows = 32;

int rows[] = {0, 0, 0, 1, 1, 2, 2, 3, 4, 4, 5, 6, 7, 7, 8, 8, 9, 9, 9, 10, 12, 13, 13, 14, 15, 15, 16, 16, 17, 18, 19, 19, 19};

int cols[] = {2, 6, 9, 21, 18, 15, 15, 10, 6, 21, 5, 1, 27, 26, 31, 27, 11, 3, 2, 17};

int vals[] = {25, 41, 27, 2, 61, 95, 41, 61, 35, 32, 46, 72, 50, 9, 51, 23, 93, 24, 74, 66};

int v[] = {700, 234, 640, 523, 164, 794, 398, 229, 72, 372, 792, 14, 772, 771, 77, 853, 816, 981, 439, 372, 303, 797, 34, 141, 547, 441, 596, 778, 439, 672, 824, 114};

int ref[] = {0, 0, 16000, 0, 16318, 0, 10044, 1594, 0, 26779, 81035, 34973, 0, 48312, 0, 13930, 0, 0, 25504, 53372, 38900, 0, 5364, 5814, 0, 17894, 0, 1302, 12552, 47360, 0, 0};