//========================================================================
// Data set for ubmark-spmv; Sparcity = 0.04
//========================================================================

int num_rows = 128;

int rows[] = {0, 7, 15, 21, 27, 30, 32, 38, 41, 45, 49, 55, 60, 65, 71, 74, 79, 86, 91, 96, 100, 103, 108, 115, 121, 125, 131, 137, 142, 146, 151, 159, 167, 169, 176, 178, 186, 189, 196, 198, 204, 208, 213, 219, 225, 231, 236, 241, 246, 251, 255, 259, 264, 268, 278, 285, 292, 297, 305, 310, 318, 323, 330, 337, 342, 346, 354, 363, 367, 370, 376, 381, 389, 399, 403, 408, 415, 416, 420, 426, 432, 437, 440, 445, 448, 453, 458, 461, 467, 468, 471, 480, 488, 496, 501, 506, 512, 519, 527, 533, 537, 541, 546, 553, 557, 561, 568, 571, 578, 582, 589, 595, 603, 609, 612, 620, 622, 626, 634, 638, 643, 646, 653, 656, 663, 665, 665, 665, 665};

int cols[] = {3, 4, 31, 62, 65, 74, 77, 4, 27, 49, 54, 61, 72, 74, 123, 34, 54, 56, 63, 109, 119, 4, 46, 52, 75, 77, 95, 24, 47, 93, 21, 119, 1, 25, 44, 83, 111, 114, 21, 70, 77, 3, 60, 103, 104, 9, 53, 105, 123, 0, 1, 27, 63, 76, 120, 53, 87, 104, 106, 119, 37, 53, 75, 98, 103, 17, 27, 52, 68, 116, 123, 52, 57, 113, 31, 68, 84, 115, 127, 2, 9, 32, 36, 52, 55, 86, 56, 75, 101, 110, 111, 0, 25, 37, 125, 127, 8, 15, 48, 102, 65, 102, 114, 22, 35, 52, 82, 123, 2, 52, 56, 59, 90, 92, 113, 4, 45, 53, 80, 90, 115, 6, 37, 83, 84, 39, 45, 46, 66, 88, 106, 9, 52, 55, 62, 81, 89, 3, 15, 23, 24, 88, 87, 99, 105, 111, 30, 44, 49, 62, 114, 5, 16, 18, 44, 79, 81, 98, 122, 7, 13, 25, 62, 76, 79, 87, 114, 55, 85, 2, 28, 43, 66, 69, 73, 122, 1, 125, 1, 25, 31, 35, 41, 83, 88, 115, 63, 69, 116, 20, 23, 28, 38, 46, 47, 73, 22, 89, 12, 13, 37, 52, 62, 89, 12, 31, 59, 93, 0, 3, 14, 68, 125, 1, 7, 9, 13, 39, 103, 4, 5, 28, 31, 69, 92, 6, 12, 28, 47, 83, 95, 13, 17, 55, 81, 124, 38, 44, 63, 108, 109, 44, 52, 55, 71, 108, 12, 13, 26, 46, 70, 17, 26, 59, 106, 32, 67, 106, 122, 0, 61, 107, 109, 113, 1, 48, 68, 82, 15, 21, 25, 27, 63, 76, 82, 92, 97, 114, 19, 47, 75, 78, 88, 110, 126, 8, 33, 42, 56, 66, 82, 101, 32, 39, 62, 78, 82, 3, 43, 53, 59, 60, 72, 87, 96, 39, 51, 77, 120, 122, 0, 4, 7, 22, 70, 85, 96, 107, 17, 25, 49, 94, 110, 25, 73, 75, 83, 93, 102, 123, 11, 32, 45, 71, 72, 82, 86, 33, 40, 45, 82, 95, 6, 38, 56, 64, 2, 4, 42, 45, 52, 85, 105, 118, 12, 14, 16, 22, 44, 56, 80, 95, 97, 45, 65, 83, 97, 8, 33, 53, 1, 14, 38, 53, 59, 116, 2, 28, 37, 47, 100, 15, 16, 20, 39, 60, 106, 122, 125, 30, 35, 64, 71, 92, 93, 97, 114, 124, 125, 25, 81, 87, 111, 14, 15, 47, 87, 89, 6, 15, 36, 48, 79, 112, 123, 94, 32, 42, 51, 65, 30, 58, 85, 86, 104, 124, 0, 12, 56, 62, 118, 120, 2, 24, 25, 31, 65, 6, 88, 122, 13, 24, 78, 112, 126, 17, 46, 60, 14, 48, 73, 87, 105, 7, 43, 68, 115, 122, 5, 57, 61, 10, 35, 83, 108, 112, 116, 31, 7, 73, 122, 2, 21, 24, 31, 45, 49, 55, 91, 95, 17, 26, 28, 58, 78, 94, 115, 126, 6, 8, 45, 48, 58, 68, 88, 93, 41, 59, 108, 119, 125, 13, 36, 58, 60, 98, 28, 34, 37, 48, 105, 115, 12, 13, 23, 31, 61, 80, 81, 22, 26, 27, 39, 51, 83, 84, 109, 25, 79, 87, 93, 105, 125, 18, 34, 52, 98, 59, 112, 119, 124, 11, 73, 97, 99, 103, 3, 19, 37, 79, 86, 98, 118, 7, 19, 41, 75, 51, 84, 88, 121, 0, 6, 38, 40, 42, 72, 100, 31, 39, 124, 23, 31, 40, 53, 56, 67, 69, 43, 50, 103, 112, 24, 57, 58, 65, 91, 117, 118, 22, 24, 57, 71, 110, 116, 8, 13, 16, 20, 42, 57, 109, 126, 9, 28, 32, 57, 87, 105, 57, 102, 105, 8, 35, 49, 57, 58, 90, 97, 100, 22, 89, 24, 46, 52, 68, 15, 45, 58, 86, 91, 102, 106, 118, 68, 74, 90, 94, 4, 26, 29, 102, 117, 33, 59, 121, 26, 41, 78, 94, 101, 103, 114, 11, 15, 98, 1, 13, 76, 101, 111, 119, 121, 52, 110};

int vals[] = {59, 75, 24, 65, 84, 85, 82, 49, 17, 57, 36, 13, 8, 21, 58, 54, 92, 71, 96, 81, 97, 74, 4, 2, 33, 63, 21, 36, 37, 29, 8, 11, 5, 26, 84, 11, 80, 100, 97, 21, 13, 37, 50, 4, 47, 53, 48, 85, 60, 5, 11, 42, 36, 51, 86, 72, 23, 33, 29, 68, 11, 86, 58, 67, 8, 81, 4, 79, 98, 87, 30, 20, 3, 46, 100, 27, 88, 25, 1, 48, 94, 31, 13, 47, 53, 72, 79, 75, 69, 79, 49, 45, 57, 51, 39, 9, 11, 35, 14, 7, 95, 5, 39, 36, 93, 71, 85, 69, 22, 37, 61, 20, 8, 31, 64, 50, 71, 88, 21, 74, 23, 21, 77, 94, 87, 32, 23, 1, 97, 17, 28, 51, 52, 92, 34, 37, 35, 55, 18, 6, 26, 87, 63, 46, 41, 21, 59, 51, 51, 62, 48, 84, 71, 57, 83, 9, 77, 32, 21, 5, 84, 19, 62, 82, 78, 2, 29, 90, 97, 10, 93, 41, 37, 95, 20, 11, 13, 35, 58, 60, 73, 34, 99, 88, 76, 54, 75, 26, 21, 39, 15, 74, 59, 79, 79, 31, 96, 29, 41, 25, 26, 54, 79, 10, 19, 55, 40, 11, 66, 58, 51, 10, 17, 2, 24, 51, 61, 88, 37, 76, 79, 11, 52, 20, 79, 27, 68, 92, 55, 19, 7, 12, 71, 43, 79, 80, 10, 52, 59, 50, 51, 66, 37, 94, 84, 14, 91, 58, 44, 92, 1, 86, 66, 82, 2, 97, 69, 33, 3, 72, 43, 99, 96, 30, 22, 24, 34, 87, 64, 19, 91, 14, 74, 75, 90, 8, 20, 61, 16, 10, 19, 66, 79, 51, 4, 99, 91, 56, 47, 24, 84, 84, 68, 31, 12, 26, 45, 69, 69, 99, 44, 34, 55, 76, 2, 16, 82, 63, 23, 46, 45, 96, 17, 80, 58, 42, 32, 35, 90, 60, 21, 5, 99, 30, 31, 79, 27, 7, 90, 11, 1, 59, 68, 46, 21, 41, 73, 4, 93, 45, 67, 40, 11, 28, 95, 40, 33, 91, 2, 24, 75, 41, 30, 19, 61, 3, 50, 64, 45, 53, 42, 53, 14, 88, 20, 42, 38, 92, 86, 2, 14, 68, 44, 20, 54, 22, 99, 71, 71, 47, 14, 97, 3, 90, 61, 43, 52, 3, 55, 50, 18, 36, 79, 55, 61, 91, 60, 97, 53, 6, 5, 46, 83, 90, 33, 54, 96, 23, 29, 6, 92, 6, 29, 40, 8, 17, 67, 30, 2, 40, 8, 51, 86, 26, 37, 23, 81, 95, 63, 42, 5, 99, 90, 32, 50, 89, 84, 53, 88, 11, 24, 18, 2, 23, 31, 52, 98, 70, 45, 49, 16, 86, 2, 3, 94, 79, 53, 83, 70, 59, 2, 80, 12, 23, 40, 50, 25, 46, 93, 100, 74, 41, 55, 85, 30, 27, 62, 64, 53, 55, 6, 41, 6, 52, 29, 78, 78, 17, 13, 91, 79, 37, 58, 62, 10, 3, 86, 87, 35, 42, 92, 15, 18, 35, 15, 26, 26, 85, 18, 61, 85, 85, 30, 93, 2, 46, 54, 14, 71, 98, 13, 6, 67, 33, 30, 91, 7, 70, 59, 13, 83, 77, 40, 22, 46, 52, 84, 82, 80, 90, 20, 3, 48, 66, 30, 95, 7, 13, 20, 91, 52, 86, 23, 65, 56, 92, 28, 88, 83, 6, 100, 16, 70, 33, 96, 25, 22, 9, 31, 27, 93, 19, 100, 16, 37, 99, 29, 15, 99, 53, 68, 36, 27, 56, 42, 21, 31, 65, 39, 99, 70, 71, 92, 67, 85, 71, 66, 18, 11, 29, 82, 30, 60, 9, 12, 100, 13, 69, 13, 12, 97, 83, 17, 37, 35, 24, 25, 93, 35, 70, 49, 84, 74, 5, 40, 74, 81, 41, 94, 63, 1, 97, 42, 58, 64, 91, 13, 38, 48, 88, 39, 95, 38, 16, 94, 42, 18, 79, 46, 94, 58, 3, 83, 94, 75, 84, 9, 22, 56, 19, 49, 17, 15, 50, 89};

int v[] = {77, 32, 88, 65, 84, 49, 26, 89, 76, 45, 83, 81, 19, 79, 71, 8, 85, 84, 44, 97, 89, 96, 100, 25, 34, 48, 73, 92, 72, 54, 73, 74, 73, 22, 14, 55, 55, 25, 27, 48, 6, 79, 18, 44, 23, 15, 46, 21, 48, 22, 92, 48, 80, 37, 18, 94, 98, 85, 58, 80, 44, 60, 60, 92, 3, 62, 1, 34, 86, 22, 59, 48, 17, 44, 47, 44, 65, 30, 17, 12, 100, 49, 93, 15, 65, 88, 84, 9, 98, 66, 54, 81, 52, 28, 68, 26, 31, 57, 80, 61, 24, 21, 93, 75, 41, 71, 48, 50, 64, 97, 8, 46, 27, 88, 72, 35, 22, 32, 100, 25, 99, 2, 23, 75, 35, 30, 16, 81};

int ref[] = {27474, 13835, 28484, 10448, 2813, 1043, 14385, 10941, 6832, 14696, 19742, 7316, 11969, 26084, 5903, 16398, 26222, 15377, 9375, 2439, 9163, 27475, 20150, 15422, 9536, 5034, 21266, 13279, 7250, 13778, 21492, 20085, 16996, 12640, 1466, 30487, 7934, 17424, 11514, 13124, 7939, 13843, 16313, 19443, 10240, 17625, 15041, 18242, 13814, 18698, 11080, 25026, 12871, 33993, 11934, 24740, 11799, 17881, 9929, 30902, 12034, 16076, 17918, 8592, 10472, 24582, 24627, 5356, 8958, 12008, 16922, 18076, 27600, 4765, 10170, 8178, 1156, 8007, 15616, 27037, 23202, 10255, 3659, 11956, 7167, 14961, 8565, 12105, 3404, 14379, 27506, 15744, 19975, 19804, 6945, 15450, 19490, 23145, 13176, 12492, 11670, 15072, 16856, 19717, 10407, 5559, 6845, 20358, 15304, 17907, 25137, 24481, 11218, 15934, 16284, 10444, 12310, 28925, 13067, 22613, 7956, 22148, 14934, 8774, 4712, 0, 0, 0};