//========================================================================
// Data set for ubmark-spmv; Sparcity = 0.05
//========================================================================

int num_rows = 128;

int rows[] = {0, 2, 7, 14, 20, 29, 35, 47, 50, 57, 60, 69, 75, 80, 92, 93, 102, 108, 122, 129, 136, 143, 148, 155, 162, 165, 173, 178, 188, 193, 201, 211, 215, 219, 232, 240, 248, 256, 260, 265, 271, 276, 282, 288, 292, 296, 304, 309, 314, 322, 333, 341, 348, 356, 361, 371, 378, 385, 387, 394, 401, 411, 413, 416, 421, 423, 432, 438, 444, 451, 456, 457, 464, 469, 478, 482, 489, 493, 501, 510, 521, 526, 532, 538, 542, 550, 557, 564, 569, 572, 576, 581, 585, 591, 594, 604, 608, 611, 617, 626, 632, 638, 645, 647, 658, 663, 665, 674, 683, 687, 693, 701, 705, 717, 719, 726, 734, 743, 748, 755, 761, 768, 777, 783, 787, 792, 800, 807, 816};

int cols[] = {68, 87, 27, 41, 44, 51, 76, 30, 51, 54, 65, 70, 94, 100, 3, 50, 85, 103, 121, 125, 8, 19, 22, 25, 29, 59, 83, 108, 120, 1, 63, 64, 69, 85, 113, 19, 31, 39, 42, 46, 56, 70, 84, 88, 99, 102, 126, 38, 57, 114, 14, 26, 32, 89, 90, 111, 120, 10, 47, 74, 13, 26, 28, 29, 60, 71, 99, 102, 105, 8, 23, 29, 39, 48, 91, 29, 30, 33, 43, 53, 9, 40, 43, 45, 46, 51, 75, 80, 93, 109, 111, 120, 51, 33, 34, 40, 41, 45, 83, 86, 95, 107, 7, 29, 50, 55, 118, 126, 4, 28, 34, 43, 51, 56, 76, 79, 82, 84, 87, 113, 122, 126, 11, 25, 71, 89, 94, 101, 111, 8, 43, 52, 62, 74, 88, 124, 50, 66, 107, 116, 118, 122, 127, 50, 61, 64, 93, 115, 15, 32, 50, 77, 80, 92, 123, 39, 79, 84, 88, 90, 108, 117, 18, 28, 56, 38, 50, 58, 61, 67, 100, 109, 121, 19, 42, 64, 68, 88, 27, 36, 55, 57, 66, 74, 79, 80, 107, 110, 18, 33, 99, 106, 116, 11, 24, 26, 51, 53, 62, 91, 92, 0, 6, 13, 16, 27, 40, 108, 109, 113, 125, 27, 98, 113, 114, 7, 12, 40, 83, 8, 36, 39, 47, 49, 50, 53, 58, 76, 85, 86, 110, 124, 30, 34, 45, 79, 82, 90, 110, 125, 10, 24, 32, 52, 64, 67, 75, 112, 15, 42, 67, 80, 81, 97, 105, 118, 0, 81, 91, 123, 7, 35, 62, 82, 116, 21, 24, 29, 40, 88, 120, 38, 40, 51, 57, 127, 1, 18, 35, 96, 106, 121, 15, 25, 54, 85, 116, 127, 3, 16, 91, 93, 29, 77, 78, 106, 22, 23, 38, 43, 50, 66, 98, 122, 46, 68, 76, 112, 125, 16, 23, 76, 105, 125, 15, 17, 41, 64, 83, 90, 110, 111, 0, 30, 44, 55, 60, 62, 69, 78, 110, 116, 121, 0, 1, 22, 56, 71, 77, 90, 110, 40, 45, 50, 98, 104, 111, 123, 12, 16, 29, 41, 91, 95, 104, 106, 7, 38, 49, 54, 115, 4, 12, 53, 67, 69, 74, 88, 101, 107, 115, 17, 30, 33, 85, 87, 116, 127, 27, 66, 86, 94, 99, 101, 108, 27, 121, 10, 46, 59, 65, 78, 91, 118, 16, 33, 51, 72, 74, 106, 107, 12, 23, 28, 33, 68, 83, 90, 99, 100, 114, 9, 79, 25, 87, 112, 24, 44, 45, 56, 78, 10, 34, 9, 10, 24, 27, 28, 37, 38, 82, 98, 5, 6, 9, 30, 46, 58, 14, 21, 25, 30, 41, 100, 0, 16, 48, 56, 101, 107, 124, 18, 40, 69, 96, 108, 49, 23, 34, 51, 84, 114, 125, 126, 4, 33, 71, 93, 122, 13, 30, 64, 65, 70, 72, 86, 100, 104, 12, 92, 111, 122, 5, 41, 50, 60, 64, 82, 111, 21, 61, 94, 98, 16, 24, 25, 30, 71, 77, 83, 86, 38, 44, 46, 52, 55, 60, 75, 121, 122, 17, 22, 30, 38, 61, 65, 67, 78, 87, 89, 120, 21, 72, 74, 86, 106, 22, 63, 69, 79, 108, 115, 11, 21, 64, 86, 90, 92, 48, 57, 101, 122, 26, 34, 46, 64, 77, 100, 109, 126, 3, 4, 16, 65, 74, 83, 89, 0, 2, 12, 18, 23, 26, 119, 6, 13, 17, 111, 113, 39, 81, 96, 0, 6, 42, 115, 11, 24, 36, 46, 54, 13, 22, 90, 109, 6, 10, 15, 35, 48, 76, 0, 40, 106, 2, 7, 37, 39, 87, 96, 104, 115, 121, 123, 41, 93, 109, 122, 43, 63, 120, 25, 41, 43, 71, 101, 102, 9, 11, 36, 42, 55, 105, 110, 117, 119, 11, 12, 55, 56, 104, 127, 0, 8, 21, 62, 113, 123, 22, 54, 84, 93, 102, 119, 124, 104, 113, 3, 9, 15, 27, 55, 64, 71, 78, 93, 101, 104, 41, 44, 46, 99, 126, 30, 63, 31, 35, 69, 83, 95, 103, 104, 105, 110, 15, 20, 27, 31, 40, 43, 60, 93, 112, 4, 21, 110, 116, 2, 15, 33, 39, 110, 112, 11, 13, 14, 46, 48, 78, 117, 127, 6, 50, 111, 114, 0, 2, 9, 13, 25, 41, 55, 70, 78, 90, 116, 118, 32, 117, 38, 54, 56, 109, 110, 114, 115, 5, 18, 26, 42, 60, 94, 103, 112, 1, 16, 36, 73, 90, 93, 108, 111, 121, 3, 37, 44, 104, 124, 25, 39, 50, 93, 98, 100, 118, 7, 18, 66, 96, 101, 112, 13, 20, 45, 59, 75, 105, 123, 8, 19, 50, 51, 61, 68, 71, 73, 125, 0, 23, 27, 37, 100, 101, 32, 39, 40, 73, 14, 22, 32, 39, 42, 22, 59, 60, 69, 74, 111, 118, 121, 16, 24, 26, 53, 107, 111, 112, 8, 24, 37, 50, 62, 63, 71, 84, 91};

int vals[] = {68, 78, 27, 23, 48, 97, 33, 59, 74, 85, 64, 26, 97, 71, 8, 50, 93, 5, 31, 75, 95, 82, 22, 33, 94, 4, 42, 54, 84, 39, 88, 80, 45, 10, 49, 28, 31, 10, 19, 48, 73, 11, 36, 12, 94, 88, 49, 62, 24, 15, 95, 67, 47, 30, 6, 100, 8, 90, 100, 33, 59, 50, 67, 43, 13, 45, 59, 33, 42, 13, 41, 47, 50, 7, 98, 29, 58, 44, 21, 10, 28, 61, 6, 57, 97, 27, 69, 21, 74, 53, 12, 13, 67, 32, 33, 96, 29, 13, 22, 86, 30, 5, 8, 88, 16, 51, 72, 81, 37, 71, 99, 75, 76, 39, 49, 48, 75, 44, 28, 25, 53, 87, 49, 89, 85, 100, 60, 6, 46, 46, 31, 80, 97, 11, 67, 71, 31, 35, 12, 68, 39, 55, 6, 60, 67, 64, 86, 79, 3, 51, 8, 47, 83, 86, 74, 38, 8, 41, 64, 47, 17, 63, 58, 14, 69, 47, 23, 49, 13, 32, 82, 66, 42, 75, 23, 53, 20, 64, 28, 94, 98, 63, 89, 56, 56, 38, 67, 42, 17, 47, 9, 19, 14, 87, 31, 95, 28, 34, 57, 28, 99, 92, 22, 49, 49, 5, 63, 46, 61, 69, 13, 3, 55, 96, 19, 72, 78, 86, 66, 78, 18, 77, 5, 69, 23, 57, 69, 55, 95, 52, 54, 11, 61, 71, 83, 85, 28, 57, 71, 18, 6, 72, 4, 90, 39, 60, 86, 10, 68, 58, 20, 63, 27, 77, 15, 53, 82, 10, 13, 5, 33, 31, 1, 2, 11, 57, 75, 61, 4, 55, 69, 97, 9, 23, 30, 36, 4, 37, 58, 81, 21, 74, 43, 3, 99, 24, 59, 34, 5, 40, 44, 56, 57, 98, 26, 12, 52, 44, 5, 44, 70, 33, 68, 14, 6, 65, 59, 3, 85, 40, 97, 13, 100, 60, 93, 5, 62, 63, 85, 74, 31, 15, 62, 1, 55, 66, 24, 34, 5, 57, 38, 60, 59, 17, 52, 40, 82, 40, 48, 63, 92, 38, 14, 88, 39, 9, 80, 28, 23, 1, 17, 14, 29, 23, 49, 1, 22, 14, 25, 91, 98, 83, 44, 95, 3, 24, 67, 95, 71, 40, 15, 89, 52, 90, 7, 76, 82, 76, 100, 70, 98, 64, 2, 30, 71, 73, 74, 40, 73, 87, 12, 1, 18, 100, 63, 94, 34, 15, 44, 89, 16, 2, 92, 96, 63, 22, 29, 33, 47, 79, 52, 29, 97, 99, 25, 21, 50, 55, 43, 68, 54, 16, 11, 87, 97, 77, 1, 83, 70, 37, 19, 22, 99, 47, 26, 79, 16, 54, 83, 47, 63, 95, 98, 28, 54, 33, 5, 62, 71, 47, 71, 19, 100, 5, 9, 12, 96, 42, 30, 18, 91, 91, 81, 48, 55, 65, 31, 60, 6, 1, 69, 55, 62, 90, 20, 68, 35, 20, 49, 51, 99, 27, 79, 92, 49, 12, 95, 48, 77, 82, 53, 42, 73, 46, 1, 65, 57, 1, 36, 2, 70, 99, 94, 20, 39, 64, 87, 25, 93, 19, 55, 10, 55, 77, 17, 9, 54, 35, 77, 25, 19, 71, 6, 62, 19, 46, 8, 1, 66, 15, 45, 79, 99, 100, 37, 37, 15, 57, 47, 12, 32, 58, 15, 50, 98, 14, 8, 90, 73, 1, 58, 5, 91, 8, 74, 18, 15, 68, 77, 60, 56, 19, 36, 92, 75, 65, 78, 17, 48, 76, 34, 72, 65, 71, 57, 27, 53, 89, 99, 65, 35, 28, 74, 90, 34, 13, 81, 20, 21, 6, 17, 93, 99, 72, 24, 73, 34, 4, 51, 54, 83, 15, 21, 94, 7, 33, 71, 56, 83, 24, 27, 67, 47, 39, 89, 54, 23, 4, 54, 62, 90, 11, 13, 53, 38, 59, 86, 13, 43, 12, 18, 85, 2, 37, 19, 35, 89, 50, 18, 84, 70, 14, 52, 99, 17, 30, 99, 48, 73, 45, 57, 3, 29, 89, 48, 41, 16, 60, 86, 35, 7, 26, 14, 22, 78, 97, 58, 12, 37, 90, 21, 14, 24, 23, 79, 81, 75, 78, 46, 35, 38, 64, 55, 1, 99, 99, 71, 92, 9, 84, 13, 24, 75, 49, 81, 12, 95, 11, 100, 69, 18, 54, 26, 12, 12, 87, 99, 93, 28, 17, 39, 11, 13, 79, 79, 72, 74, 70, 70, 40, 18, 19, 36, 84, 92, 98, 13, 36, 55, 89, 43, 40, 99, 21, 86, 58, 77, 42, 69, 90, 36, 57, 86, 26, 5, 91, 36, 49, 30, 48, 33, 64, 82, 94, 81, 99, 43, 20, 23, 83, 91, 81, 23, 48, 45, 2, 25, 41, 91, 99, 79, 62, 33, 86, 53, 74, 48, 70, 48, 39, 6, 82, 86, 71, 15, 14, 17, 54, 27, 94, 13, 87, 83, 18, 74, 55, 56, 47, 28, 33, 3, 59, 99, 71, 18, 42, 83, 27, 7, 100, 93, 87, 100, 26, 15, 49};

int v[] = {57, 44, 84, 63, 96, 97, 94, 52, 34, 35, 14, 43, 60, 22, 48, 24, 37, 87, 32, 68, 42, 34, 48, 18, 5, 30, 100, 76, 71, 96, 32, 64, 84, 22, 73, 90, 2, 41, 21, 23, 18, 38, 26, 30, 85, 42, 85, 9, 58, 14, 22, 56, 56, 21, 99, 12, 77, 10, 8, 36, 69, 28, 39, 14, 1, 39, 14, 46, 65, 62, 16, 83, 65, 21, 80, 74, 32, 43, 31, 60, 58, 65, 82, 84, 36, 24, 19, 56, 9, 44, 12, 91, 59, 32, 19, 47, 17, 6, 95, 84, 90, 48, 45, 41, 1, 26, 92, 76, 37, 15, 1, 24, 52, 83, 74, 9, 12, 97, 97, 28, 9, 3, 86, 22, 11, 24, 93, 16};

int ref[] = {8788, 13494, 25592, 5934, 26302, 10125, 32306, 2652, 19072, 4800, 27348, 16166, 6448, 24301, 3752, 11761, 24345, 53803, 18764, 13021, 11509, 6723, 18069, 10710, 8163, 12217, 7627, 20546, 4250, 26290, 20373, 14827, 15516, 12928, 19204, 15503, 15462, 6617, 4841, 9357, 4363, 10111, 12751, 7591, 11596, 14379, 8819, 7682, 13505, 15027, 17723, 9458, 7442, 11679, 27027, 18011, 15893, 5770, 21734, 20202, 29146, 6835, 5462, 13641, 1027, 18052, 19251, 16756, 17124, 3315, 1344, 20372, 11719, 11905, 10647, 18944, 12005, 8610, 24487, 18621, 12357, 7766, 11940, 9370, 23126, 15905, 22254, 19658, 5182, 12104, 11912, 5758, 5618, 13707, 13421, 7203, 3069, 15980, 10787, 7296, 11870, 17447, 8247, 22071, 10324, 1796, 21032, 25398, 4413, 14015, 23259, 6824, 30917, 12670, 12399, 19105, 13632, 10153, 28885, 15911, 8084, 28655, 19572, 6918, 14345, 21571, 18489, 19049};