//========================================================================
// Data set for ubmark-spmv; Sparcity = 0.01
//========================================================================

int num_rows = 128;

int rows[] = {0, 2, 6, 8, 11, 12, 14, 19, 22, 24, 29, 32, 33, 36, 40, 41, 42, 45, 47, 50, 52, 53, 56, 58, 61, 62, 63, 67, 70, 71, 77, 78, 79, 82, 85, 87, 91, 92, 93, 96, 98, 101, 102, 103, 106, 110, 112, 116, 117, 121, 124, 125, 132, 135, 137, 139, 140, 143, 145, 148, 150, 152, 155, 157, 160, 163, 166, 169, 170, 176, 178, 178, 178, 178, 178, 178, 178, 178, 178, 178, 178, 178, 178, 178, 178, 178, 178, 178, 178, 178, 178, 178, 178, 178, 178, 178, 178, 178, 178, 178, 178, 178, 178, 178, 178, 178, 178, 178, 178, 178, 178, 178, 178, 178, 178, 178, 178, 178, 178, 178, 178, 178, 178, 178, 178, 178, 178, 178, 178};

int cols[] = {98, 102, 5, 68, 73, 110, 0, 103, 74, 75, 105, 55, 23, 97, 54, 55, 96, 97, 112, 2, 13, 119, 62, 114, 16, 18, 47, 91, 98, 54, 79, 98, 87, 9, 28, 113, 8, 38, 82, 114, 71, 66, 37, 103, 106, 23, 71, 26, 46, 52, 14, 106, 95, 17, 50, 66, 58, 127, 20, 41, 105, 103, 103, 22, 43, 61, 84, 24, 86, 87, 49, 21, 31, 47, 69, 92, 95, 89, 14, 3, 53, 67, 11, 31, 88, 0, 123, 38, 71, 104, 117, 103, 68, 18, 38, 95, 87, 107, 93, 105, 123, 108, 24, 15, 16, 107, 24, 49, 65, 78, 29, 96, 11, 22, 53, 121, 100, 1, 66, 93, 111, 44, 46, 80, 71, 33, 68, 76, 91, 98, 108, 121, 5, 12, 106, 1, 94, 25, 96, 80, 6, 72, 114, 54, 62, 60, 95, 124, 54, 98, 31, 120, 75, 102, 111, 95, 108, 2, 48, 125, 28, 51, 106, 16, 19, 80, 68, 69, 124, 78, 56, 58, 92, 99, 119, 122, 18, 43};

int vals[] = {47, 7, 89, 15, 59, 47, 62, 50, 46, 98, 80, 87, 73, 57, 91, 3, 68, 52, 11, 32, 60, 63, 9, 48, 24, 58, 42, 82, 43, 31, 19, 68, 41, 82, 47, 23, 62, 33, 77, 4, 76, 13, 57, 64, 86, 76, 40, 5, 63, 66, 32, 6, 93, 97, 76, 15, 49, 67, 35, 96, 36, 37, 27, 73, 60, 40, 15, 1, 56, 11, 64, 50, 94, 96, 66, 20, 16, 90, 33, 71, 11, 92, 63, 96, 15, 87, 95, 10, 50, 60, 23, 7, 90, 77, 22, 60, 29, 81, 1, 37, 1, 42, 79, 83, 65, 87, 38, 59, 70, 91, 92, 25, 55, 75, 38, 51, 63, 80, 28, 2, 41, 42, 82, 48, 39, 91, 56, 57, 14, 68, 61, 66, 44, 44, 83, 23, 32, 74, 40, 27, 84, 97, 50, 12, 95, 16, 43, 99, 14, 70, 6, 66, 54, 13, 92, 11, 48, 50, 50, 60, 43, 52, 61, 2, 99, 90, 41, 22, 24, 69, 72, 54, 35, 97, 4, 21, 54, 64};

int v[] = {9, 95, 38, 55, 95, 14, 97, 44, 39, 52, 58, 44, 32, 79, 97, 88, 67, 59, 81, 80, 95, 63, 25, 59, 65, 6, 12, 4, 52, 63, 87, 56, 93, 77, 61, 55, 66, 3, 28, 42, 60, 12, 63, 38, 21, 12, 53, 91, 43, 61, 9, 2, 44, 61, 45, 57, 35, 22, 100, 55, 31, 59, 42, 3, 88, 70, 6, 94, 88, 82, 50, 39, 62, 36, 88, 18, 77, 76, 15, 97, 43, 15, 17, 52, 34, 25, 63, 56, 63, 29, 87, 97, 21, 35, 11, 73, 57, 26, 68, 90, 54, 90, 42, 70, 26, 94, 67, 8, 78, 33, 43, 90, 86, 74, 87, 40, 75, 88, 90, 97, 12, 30, 88, 66, 28, 46, 38, 1};

int ref[] = {3490, 6711, 4058, 13332, 4959, 5789, 10440, 12067, 4554, 21006, 7862, 2296, 8410, 4999, 2964, 78, 10413, 6044, 6303, 3506, 6789, 6497, 4967, 7861, 2590, 1890, 6975, 4209, 3904, 24150, 2610, 3201, 13224, 9093, 7053, 5814, 490, 7920, 11233, 2272, 3579, 3276, 5135, 12355, 12334, 7221, 8143, 3402, 11528, 7292, 1521, 29044, 7585, 2537, 2724, 1161, 18512, 4530, 6407, 5390, 1128, 9798, 4547, 6810, 6427, 11924, 6084, 1035, 19621, 6806, 0, 0, 0, 0, 0, 0, 0, 0, 0, 0, 0, 0, 0, 0, 0, 0, 0, 0, 0, 0, 0, 0, 0, 0, 0, 0, 0, 0, 0, 0, 0, 0, 0, 0, 0, 0, 0, 0, 0, 0, 0, 0, 0, 0, 0, 0, 0, 0, 0, 0, 0, 0, 0, 0, 0, 0, 0, 0};