//========================================================================
// Data set for ubmark-dense; Sparcity = 1.00
//========================================================================

int num_rows = 128;

int arr[] = {
76, 28, 27, 71, 99, 47, 91, 12, 81, 78, 62, 8, 52, 61, 84, 39, 80, 46, 45, 44, 57, 18, 86, 1, 93, 58, 32, 21, 36, 54, 34, 27, 73, 61, 39, 44, 16, 43, 50, 44, 83, 80, 5, 100, 6, 98, 15, 78, 87, 21, 97, 65, 12, 26, 68, 27, 58, 75, 68, 12, 6, 62, 77, 72, 25, 21, 77, 45, 52, 15, 40, 63, 98, 69, 52, 68, 69, 82, 95, 10, 87, 89, 38, 52, 97, 27, 60, 9, 36, 69, 59, 43, 24, 45, 62, 53, 84, 11, 69, 82, 83, 19, 69, 81, 97, 32, 18, 37, 58, 7, 71, 10, 19, 92, 44, 94, 21, 68, 33, 54, 15, 13, 83, 83, 1, 59, 41, 69, 

83, 42, 36, 28, 9, 12, 14, 7, 44, 17, 12, 11, 52, 36, 30, 99, 31, 84, 99, 56, 6, 74, 95, 6, 25, 10, 62, 70, 7, 95, 90, 23, 42, 49, 7, 80, 84, 5, 17, 21, 49, 27, 89, 1, 7, 79, 24, 45, 23, 8, 80, 39, 65, 85, 75, 87, 24, 59, 21, 26, 45, 27, 25, 84, 34, 72, 33, 40, 56, 14, 64, 33, 58, 85, 39, 68, 85, 15, 22, 62, 17, 63, 45, 5, 2, 5, 69, 25, 68, 42, 8, 42, 80, 56, 6, 19, 19, 69, 14, 96, 71, 88, 38, 84, 1, 15, 17, 7, 59, 90, 42, 85, 38, 27, 37, 14, 38, 18, 77, 8, 80, 62, 38, 49, 93, 58, 7, 28, 

67, 95, 8, 61, 62, 84, 93, 24, 93, 87, 1, 59, 22, 58, 84, 49, 39, 4, 83, 58, 31, 13, 83, 44, 98, 62, 45, 39, 31, 50, 39, 32, 37, 94, 40, 14, 42, 2, 85, 79, 97, 16, 22, 68, 38, 16, 45, 11, 81, 18, 31, 59, 93, 16, 43, 90, 92, 79, 70, 57, 46, 41, 4, 2, 18, 13, 34, 67, 16, 19, 75, 87, 79, 85, 2, 73, 36, 6, 90, 100, 23, 73, 3, 79, 54, 5, 18, 87, 96, 63, 40, 57, 10, 45, 67, 29, 67, 42, 64, 81, 76, 1, 50, 16, 34, 22, 37, 33, 53, 30, 98, 50, 35, 66, 66, 41, 59, 78, 63, 35, 95, 83, 3, 55, 39, 6, 12, 16, 

17, 76, 14, 16, 91, 70, 91, 70, 8, 77, 40, 53, 91, 1, 45, 48, 50, 85, 99, 48, 20, 78, 6, 41, 46, 13, 2, 43, 89, 69, 58, 82, 79, 59, 57, 44, 96, 98, 38, 95, 70, 7, 81, 65, 82, 100, 81, 37, 97, 86, 44, 79, 48, 33, 10, 90, 80, 83, 38, 88, 51, 94, 78, 35, 49, 50, 10, 57, 8, 3, 99, 64, 41, 37, 97, 27, 49, 80, 69, 48, 60, 54, 48, 20, 31, 78, 54, 8, 55, 19, 7, 95, 62, 55, 28, 47, 75, 10, 5, 89, 54, 49, 66, 14, 85, 87, 67, 73, 86, 28, 82, 77, 7, 44, 27, 39, 20, 8, 88, 43, 100, 80, 23, 12, 89, 88, 73, 34, 

1, 6, 42, 20, 61, 96, 50, 97, 16, 76, 38, 9, 26, 11, 2, 93, 59, 35, 15, 16, 1, 98, 28, 13, 16, 28, 78, 49, 29, 77, 50, 28, 72, 20, 76, 41, 18, 85, 17, 77, 39, 40, 84, 39, 94, 36, 80, 23, 26, 99, 36, 51, 63, 97, 28, 15, 41, 5, 45, 23, 21, 53, 99, 41, 3, 96, 14, 47, 88, 75, 65, 58, 99, 11, 27, 41, 18, 55, 2, 33, 27, 21, 28, 55, 68, 67, 60, 30, 27, 49, 100, 53, 90, 23, 62, 45, 53, 60, 14, 52, 43, 35, 3, 49, 87, 82, 30, 58, 25, 39, 5, 40, 17, 22, 50, 75, 69, 92, 87, 72, 50, 19, 91, 38, 96, 34, 72, 99, 

37, 70, 100, 91, 56, 93, 81, 42, 10, 50, 1, 92, 47, 27, 4, 18, 38, 4, 74, 67, 48, 3, 57, 38, 39, 67, 99, 89, 55, 9, 37, 31, 41, 30, 26, 17, 98, 41, 84, 40, 18, 51, 56, 20, 42, 12, 79, 23, 72, 9, 41, 18, 35, 2, 53, 55, 67, 87, 91, 15, 23, 13, 39, 35, 12, 58, 7, 70, 11, 47, 81, 59, 99, 43, 88, 90, 91, 37, 41, 32, 60, 84, 83, 24, 67, 7, 35, 21, 20, 20, 23, 71, 1, 93, 53, 7, 48, 16, 36, 70, 98, 22, 93, 73, 80, 65, 29, 44, 99, 68, 14, 39, 42, 53, 19, 39, 60, 74, 11, 44, 64, 44, 34, 60, 63, 35, 88, 41, 

16, 100, 96, 30, 69, 21, 18, 44, 25, 9, 88, 41, 24, 90, 3, 85, 97, 66, 6, 90, 58, 51, 11, 53, 25, 39, 22, 80, 44, 93, 94, 44, 69, 23, 55, 79, 41, 23, 52, 45, 6, 72, 47, 41, 21, 15, 40, 8, 43, 52, 81, 19, 10, 66, 65, 53, 66, 72, 14, 83, 91, 30, 1, 59, 81, 5, 64, 2, 59, 22, 29, 97, 92, 76, 91, 81, 85, 32, 94, 34, 16, 42, 24, 98, 79, 10, 7, 6, 36, 9, 71, 49, 48, 95, 83, 50, 68, 83, 12, 40, 35, 37, 20, 77, 69, 76, 36, 58, 49, 47, 14, 78, 15, 62, 11, 86, 12, 62, 58, 77, 60, 26, 73, 1, 28, 74, 44, 63, 

89, 80, 36, 99, 24, 45, 66, 30, 96, 46, 1, 100, 41, 62, 10, 46, 65, 1, 3, 46, 45, 43, 56, 40, 36, 36, 61, 6, 4, 73, 37, 51, 80, 65, 70, 69, 29, 72, 47, 49, 49, 42, 68, 80, 80, 18, 91, 64, 42, 60, 90, 96, 18, 32, 16, 10, 7, 55, 93, 86, 70, 40, 86, 42, 11, 71, 75, 53, 3, 31, 10, 94, 87, 70, 9, 59, 99, 14, 22, 80, 8, 91, 92, 48, 86, 96, 73, 15, 89, 97, 36, 92, 47, 23, 57, 85, 63, 87, 63, 43, 68, 33, 50, 71, 11, 44, 14, 48, 73, 67, 56, 77, 68, 34, 13, 2, 36, 84, 69, 9, 37, 2, 92, 89, 96, 74, 22, 76, 

7, 59, 81, 48, 20, 96, 38, 74, 72, 79, 88, 44, 16, 45, 54, 12, 91, 72, 20, 91, 52, 2, 95, 82, 99, 50, 87, 16, 14, 65, 66, 93, 48, 71, 67, 22, 83, 100, 65, 85, 80, 87, 85, 19, 31, 53, 95, 84, 74, 8, 91, 58, 78, 59, 81, 7, 93, 90, 47, 49, 49, 52, 21, 62, 76, 27, 43, 55, 55, 39, 63, 32, 60, 45, 36, 28, 84, 92, 30, 74, 76, 59, 47, 41, 55, 75, 48, 5, 47, 80, 71, 70, 94, 40, 67, 97, 3, 50, 63, 26, 9, 54, 17, 57, 77, 74, 90, 50, 8, 57, 5, 93, 3, 78, 39, 95, 22, 79, 15, 97, 8, 9, 43, 55, 23, 84, 21, 30, 

100, 94, 79, 91, 100, 68, 78, 16, 70, 25, 43, 24, 75, 9, 15, 52, 18, 6, 58, 23, 60, 69, 75, 70, 36, 96, 76, 19, 46, 35, 66, 14, 43, 65, 32, 4, 35, 63, 10, 75, 79, 50, 71, 83, 60, 72, 82, 8, 89, 20, 43, 27, 39, 17, 44, 54, 57, 28, 96, 91, 11, 32, 42, 32, 13, 7, 64, 55, 30, 24, 90, 77, 63, 59, 68, 69, 59, 13, 58, 31, 16, 91, 10, 99, 25, 85, 69, 68, 19, 100, 29, 84, 90, 23, 55, 61, 51, 1, 48, 52, 77, 43, 95, 9, 55, 34, 22, 31, 88, 24, 85, 93, 17, 69, 70, 69, 35, 65, 84, 54, 23, 90, 70, 87, 45, 98, 4, 22, 

12, 27, 97, 89, 10, 35, 93, 31, 97, 69, 43, 100, 30, 62, 71, 7, 35, 10, 80, 20, 43, 43, 3, 21, 43, 38, 96, 23, 64, 26, 49, 59, 79, 67, 14, 68, 28, 3, 15, 83, 69, 57, 35, 100, 6, 56, 44, 36, 38, 48, 41, 7, 72, 74, 48, 8, 69, 69, 76, 25, 2, 33, 75, 25, 63, 46, 79, 46, 62, 79, 28, 23, 53, 91, 54, 43, 50, 44, 45, 60, 49, 76, 25, 7, 19, 1, 84, 22, 49, 51, 87, 32, 20, 9, 41, 32, 58, 78, 27, 88, 96, 100, 80, 25, 72, 32, 24, 75, 13, 77, 38, 37, 66, 19, 55, 69, 4, 6, 27, 8, 85, 48, 97, 2, 90, 94, 17, 18, 

26, 8, 18, 8, 59, 2, 14, 55, 39, 58, 2, 90, 30, 90, 10, 48, 83, 99, 32, 70, 77, 72, 86, 76, 29, 50, 94, 24, 86, 71, 49, 21, 17, 47, 55, 4, 74, 16, 80, 30, 93, 34, 46, 30, 45, 21, 67, 24, 68, 40, 26, 1, 62, 12, 99, 31, 57, 7, 19, 98, 4, 38, 20, 55, 84, 58, 56, 80, 19, 53, 30, 16, 88, 2, 10, 47, 3, 13, 44, 4, 99, 59, 96, 84, 54, 42, 73, 12, 58, 79, 67, 95, 60, 60, 37, 23, 6, 81, 70, 4, 33, 73, 73, 43, 36, 87, 28, 76, 23, 9, 18, 76, 35, 7, 91, 25, 65, 87, 17, 26, 40, 38, 50, 95, 74, 53, 41, 99, 

32, 89, 84, 96, 65, 85, 56, 70, 17, 14, 77, 23, 38, 44, 62, 32, 84, 97, 7, 8, 77, 35, 11, 89, 80, 7, 81, 86, 4, 29, 61, 48, 82, 82, 73, 100, 22, 26, 57, 22, 56, 6, 68, 56, 77, 35, 33, 34, 45, 4, 94, 96, 94, 39, 10, 27, 30, 12, 6, 57, 43, 35, 69, 74, 100, 90, 36, 97, 65, 44, 74, 48, 91, 29, 20, 47, 4, 75, 65, 78, 34, 92, 21, 23, 92, 37, 32, 17, 67, 95, 35, 63, 24, 95, 80, 88, 54, 15, 60, 92, 81, 64, 40, 52, 76, 10, 88, 33, 26, 66, 95, 2, 55, 65, 83, 86, 53, 42, 66, 92, 30, 84, 34, 27, 19, 9, 4, 34, 

2, 29, 73, 86, 4, 97, 33, 82, 32, 36, 55, 88, 51, 95, 88, 79, 66, 4, 85, 70, 63, 100, 35, 97, 55, 64, 44, 25, 96, 15, 23, 60, 31, 58, 69, 4, 12, 22, 55, 58, 24, 49, 39, 23, 96, 84, 79, 71, 76, 50, 34, 11, 67, 83, 16, 94, 41, 10, 17, 52, 65, 93, 70, 6, 30, 65, 34, 23, 5, 55, 93, 17, 22, 48, 93, 19, 54, 47, 65, 66, 57, 13, 78, 68, 26, 72, 92, 83, 40, 12, 26, 97, 19, 20, 58, 73, 66, 34, 54, 46, 85, 77, 25, 84, 99, 19, 80, 51, 78, 95, 16, 55, 45, 92, 45, 41, 82, 52, 12, 78, 13, 24, 92, 93, 25, 63, 55, 88, 

41, 5, 9, 83, 62, 86, 48, 45, 58, 71, 55, 34, 33, 30, 27, 52, 11, 46, 37, 48, 49, 36, 49, 17, 2, 14, 27, 44, 4, 36, 38, 26, 17, 87, 2, 33, 10, 49, 60, 92, 18, 77, 73, 42, 77, 68, 60, 28, 36, 58, 65, 23, 51, 22, 90, 83, 8, 8, 15, 12, 98, 21, 62, 99, 60, 83, 73, 47, 54, 28, 58, 71, 29, 59, 6, 87, 35, 86, 55, 34, 74, 83, 63, 6, 86, 35, 86, 49, 34, 47, 19, 36, 70, 35, 70, 32, 8, 35, 75, 3, 79, 14, 19, 48, 38, 55, 40, 47, 58, 83, 45, 47, 8, 98, 64, 58, 65, 93, 12, 94, 85, 4, 68, 89, 94, 76, 57, 60, 

100, 61, 67, 33, 96, 63, 99, 59, 74, 87, 40, 7, 66, 77, 49, 77, 67, 12, 39, 81, 89, 6, 98, 92, 2, 93, 43, 76, 79, 16, 45, 31, 83, 13, 86, 7, 77, 21, 95, 20, 37, 64, 59, 85, 14, 7, 43, 78, 4, 71, 41, 70, 75, 65, 44, 17, 81, 54, 16, 5, 32, 36, 99, 68, 68, 33, 25, 49, 82, 31, 69, 84, 57, 23, 62, 37, 8, 13, 33, 45, 1, 23, 65, 87, 16, 54, 98, 8, 82, 42, 13, 42, 25, 47, 79, 64, 10, 50, 69, 34, 22, 47, 62, 61, 96, 31, 89, 81, 74, 82, 83, 27, 36, 25, 63, 47, 16, 21, 68, 55, 29, 85, 63, 87, 90, 48, 34, 99, 

6, 73, 100, 54, 42, 8, 82, 9, 91, 93, 32, 44, 95, 21, 52, 24, 10, 2, 25, 48, 16, 15, 28, 46, 66, 24, 66, 51, 8, 40, 59, 47, 74, 8, 76, 86, 30, 71, 70, 46, 88, 25, 1, 53, 6, 61, 8, 32, 98, 54, 90, 61, 98, 34, 90, 25, 30, 83, 29, 13, 16, 76, 61, 70, 47, 80, 16, 59, 18, 83, 51, 67, 39, 86, 32, 56, 75, 34, 3, 100, 14, 80, 7, 20, 16, 9, 61, 10, 52, 57, 15, 11, 27, 9, 89, 31, 10, 42, 50, 27, 90, 35, 51, 34, 84, 53, 80, 67, 99, 87, 90, 53, 24, 58, 37, 4, 50, 69, 11, 33, 34, 7, 42, 85, 22, 89, 82, 79, 

92, 26, 76, 77, 53, 24, 85, 16, 35, 54, 68, 12, 45, 94, 28, 77, 30, 40, 55, 3, 83, 62, 88, 74, 90, 50, 7, 51, 32, 5, 34, 13, 83, 52, 10, 99, 81, 91, 79, 65, 95, 17, 88, 23, 30, 34, 74, 97, 65, 33, 99, 32, 16, 91, 58, 18, 41, 89, 64, 88, 27, 90, 37, 61, 68, 27, 20, 92, 34, 14, 99, 84, 61, 71, 34, 42, 33, 51, 62, 27, 74, 74, 21, 96, 62, 4, 16, 71, 14, 48, 20, 32, 14, 11, 12, 12, 14, 49, 3, 47, 93, 72, 45, 1, 47, 27, 34, 41, 53, 24, 54, 58, 86, 45, 2, 68, 89, 13, 51, 75, 55, 82, 32, 76, 59, 26, 30, 47, 

7, 13, 18, 41, 14, 75, 79, 27, 82, 96, 71, 66, 75, 75, 55, 31, 42, 29, 49, 87, 65, 90, 48, 73, 95, 7, 64, 94, 36, 46, 90, 12, 51, 37, 48, 59, 19, 62, 48, 71, 58, 62, 76, 92, 23, 72, 91, 53, 33, 13, 5, 10, 71, 52, 58, 59, 83, 11, 2, 13, 32, 70, 100, 2, 23, 82, 48, 13, 52, 85, 56, 21, 2, 38, 48, 13, 83, 50, 67, 97, 87, 57, 41, 19, 24, 22, 72, 99, 17, 68, 90, 57, 1, 13, 17, 89, 41, 47, 72, 63, 10, 58, 57, 21, 80, 26, 24, 4, 73, 22, 25, 30, 34, 11, 90, 47, 79, 96, 68, 66, 50, 17, 1, 35, 88, 78, 68, 90, 

75, 16, 43, 48, 41, 11, 20, 40, 8, 23, 32, 40, 81, 56, 43, 45, 16, 96, 90, 76, 27, 26, 73, 44, 48, 22, 97, 7, 46, 55, 88, 45, 88, 72, 20, 82, 39, 63, 11, 92, 16, 37, 38, 13, 52, 47, 86, 20, 18, 36, 13, 58, 98, 17, 14, 25, 80, 36, 89, 19, 9, 81, 22, 58, 5, 82, 1, 4, 73, 79, 59, 13, 30, 48, 99, 88, 15, 15, 74, 84, 88, 16, 51, 44, 81, 17, 43, 21, 7, 7, 27, 95, 98, 94, 56, 64, 53, 7, 68, 86, 25, 4, 100, 63, 90, 100, 31, 91, 79, 34, 45, 5, 44, 98, 33, 15, 2, 90, 5, 75, 79, 91, 96, 1, 13, 5, 36, 85, 

94, 93, 58, 82, 44, 28, 51, 15, 73, 63, 67, 61, 52, 93, 57, 1, 31, 90, 69, 11, 76, 47, 48, 12, 67, 78, 92, 85, 62, 12, 72, 86, 68, 39, 27, 64, 16, 14, 48, 95, 45, 51, 57, 40, 19, 34, 25, 84, 65, 33, 26, 29, 91, 13, 3, 87, 2, 67, 18, 99, 4, 52, 6, 75, 57, 1, 85, 34, 49, 83, 45, 34, 35, 74, 55, 11, 46, 20, 23, 30, 55, 92, 71, 53, 98, 22, 68, 56, 87, 88, 100, 49, 20, 80, 86, 82, 99, 40, 65, 13, 42, 21, 77, 24, 26, 17, 51, 60, 14, 40, 19, 18, 28, 26, 83, 4, 54, 58, 71, 65, 79, 95, 36, 78, 32, 12, 7, 63, 

23, 50, 49, 80, 73, 24, 76, 92, 50, 90, 89, 76, 47, 27, 88, 23, 27, 81, 40, 80, 10, 68, 44, 25, 9, 92, 100, 90, 69, 92, 79, 89, 96, 100, 16, 66, 62, 9, 16, 92, 89, 28, 5, 44, 83, 73, 7, 27, 34, 52, 26, 51, 36, 57, 42, 24, 26, 11, 72, 66, 28, 32, 10, 82, 7, 24, 15, 2, 8, 94, 32, 72, 17, 4, 42, 88, 47, 69, 6, 55, 91, 83, 27, 61, 26, 81, 47, 92, 75, 41, 25, 46, 93, 73, 34, 92, 90, 50, 32, 78, 1, 79, 2, 32, 2, 76, 19, 31, 14, 63, 40, 20, 54, 18, 28, 5, 80, 5, 72, 29, 4, 35, 64, 34, 56, 14, 3, 36, 

62, 53, 99, 61, 1, 75, 91, 77, 61, 43, 14, 100, 11, 83, 37, 6, 83, 32, 77, 77, 12, 30, 77, 13, 24, 81, 89, 67, 20, 6, 56, 11, 51, 43, 9, 12, 5, 41, 28, 6, 80, 53, 42, 1, 87, 99, 89, 99, 42, 20, 2, 26, 74, 42, 51, 39, 56, 32, 32, 97, 57, 58, 23, 4, 68, 53, 40, 49, 76, 81, 33, 16, 81, 44, 43, 14, 55, 100, 32, 8, 32, 2, 83, 44, 35, 10, 96, 72, 86, 69, 71, 16, 73, 8, 62, 42, 11, 27, 88, 99, 35, 99, 60, 74, 91, 46, 91, 94, 38, 73, 75, 49, 76, 75, 65, 32, 59, 68, 46, 33, 16, 50, 27, 91, 94, 20, 85, 7, 

85, 61, 6, 75, 88, 26, 89, 29, 29, 63, 45, 98, 6, 12, 64, 75, 29, 24, 72, 100, 77, 67, 25, 69, 62, 7, 14, 14, 88, 95, 37, 54, 17, 16, 54, 7, 32, 1, 45, 40, 76, 1, 24, 86, 98, 76, 17, 66, 55, 48, 97, 63, 11, 16, 43, 70, 85, 24, 7, 13, 90, 13, 56, 68, 37, 59, 90, 90, 52, 21, 24, 81, 44, 94, 86, 25, 40, 14, 33, 61, 8, 14, 87, 8, 83, 94, 84, 24, 16, 33, 12, 76, 46, 40, 43, 57, 34, 55, 51, 80, 11, 24, 57, 44, 56, 35, 100, 73, 5, 30, 31, 38, 88, 56, 8, 46, 83, 17, 24, 98, 82, 1, 21, 61, 100, 9, 57, 67, 

63, 70, 44, 76, 88, 71, 55, 80, 37, 18, 32, 22, 68, 41, 74, 91, 7, 9, 58, 94, 55, 25, 69, 34, 33, 48, 57, 73, 96, 57, 39, 44, 65, 7, 22, 79, 96, 68, 3, 48, 92, 55, 3, 96, 10, 87, 84, 46, 15, 9, 96, 39, 99, 91, 46, 33, 49, 79, 88, 63, 89, 43, 72, 35, 74, 76, 20, 58, 29, 9, 42, 27, 15, 54, 46, 40, 42, 54, 70, 88, 11, 16, 7, 18, 61, 72, 24, 17, 47, 31, 69, 8, 94, 61, 33, 62, 39, 27, 79, 42, 23, 43, 77, 29, 36, 67, 25, 49, 45, 82, 35, 96, 85, 94, 47, 51, 34, 30, 36, 54, 81, 100, 93, 88, 65, 54, 64, 49, 

82, 98, 31, 11, 4, 84, 74, 22, 64, 53, 34, 57, 19, 79, 25, 9, 74, 68, 59, 16, 5, 10, 31, 59, 5, 68, 81, 28, 95, 51, 80, 63, 100, 16, 18, 46, 59, 93, 2, 36, 88, 46, 80, 47, 12, 76, 78, 97, 16, 58, 16, 29, 83, 16, 57, 57, 23, 25, 55, 75, 82, 30, 69, 49, 22, 55, 96, 14, 61, 6, 55, 91, 19, 60, 90, 14, 59, 18, 82, 88, 13, 98, 54, 97, 91, 27, 91, 84, 70, 79, 93, 37, 47, 82, 34, 66, 66, 37, 92, 9, 7, 79, 10, 18, 65, 30, 33, 34, 13, 89, 29, 72, 47, 31, 78, 63, 5, 74, 1, 71, 87, 80, 54, 35, 11, 25, 62, 26, 

48, 39, 86, 2, 81, 50, 60, 58, 81, 65, 72, 57, 84, 62, 81, 64, 98, 15, 48, 97, 6, 89, 99, 86, 68, 66, 96, 86, 66, 36, 35, 40, 45, 12, 89, 11, 42, 56, 32, 98, 88, 93, 67, 82, 97, 78, 89, 25, 3, 43, 23, 33, 71, 97, 49, 41, 53, 61, 61, 73, 66, 92, 47, 44, 24, 88, 72, 23, 15, 92, 41, 68, 64, 7, 67, 90, 16, 68, 96, 38, 18, 100, 25, 81, 73, 33, 32, 20, 55, 88, 83, 1, 13, 47, 17, 56, 26, 56, 16, 27, 90, 48, 59, 20, 22, 31, 56, 54, 60, 71, 57, 57, 28, 89, 15, 16, 86, 26, 57, 22, 91, 81, 43, 74, 53, 22, 1, 52, 

87, 1, 70, 42, 13, 98, 10, 1, 26, 4, 66, 95, 76, 92, 41, 48, 75, 90, 79, 31, 94, 38, 1, 14, 70, 86, 58, 18, 66, 92, 66, 24, 75, 68, 99, 98, 53, 67, 95, 69, 80, 56, 70, 67, 10, 12, 71, 72, 30, 4, 7, 39, 3, 12, 7, 24, 12, 79, 73, 64, 83, 5, 72, 76, 100, 85, 8, 57, 59, 67, 40, 96, 18, 94, 3, 92, 71, 56, 80, 7, 87, 82, 89, 64, 53, 46, 75, 73, 18, 49, 6, 66, 1, 5, 17, 100, 99, 52, 19, 56, 63, 15, 10, 37, 76, 17, 82, 79, 75, 56, 26, 79, 85, 24, 34, 7, 52, 72, 64, 39, 45, 41, 23, 62, 34, 100, 81, 61, 

19, 43, 58, 97, 10, 71, 10, 4, 3, 60, 35, 23, 84, 51, 68, 26, 59, 18, 52, 5, 22, 52, 67, 49, 59, 39, 81, 47, 43, 46, 1, 10, 33, 63, 35, 25, 41, 13, 54, 3, 54, 85, 96, 60, 35, 7, 66, 58, 100, 80, 57, 26, 14, 1, 15, 96, 93, 5, 94, 44, 89, 38, 44, 79, 36, 14, 18, 66, 51, 22, 83, 16, 26, 25, 4, 90, 27, 96, 43, 89, 15, 45, 23, 39, 58, 76, 28, 22, 46, 52, 21, 37, 58, 42, 73, 48, 42, 5, 78, 45, 18, 31, 73, 97, 4, 63, 32, 70, 30, 28, 75, 58, 8, 97, 12, 96, 22, 34, 16, 83, 56, 87, 59, 1, 48, 7, 49, 81, 

94, 53, 64, 95, 31, 63, 89, 49, 40, 9, 29, 68, 53, 90, 94, 43, 39, 68, 14, 66, 52, 79, 26, 76, 38, 15, 53, 75, 76, 40, 31, 51, 22, 34, 11, 6, 4, 92, 68, 14, 87, 68, 84, 94, 27, 73, 1, 28, 2, 70, 95, 38, 93, 38, 22, 70, 43, 74, 78, 61, 85, 76, 2, 72, 11, 71, 73, 76, 99, 3, 40, 98, 78, 3, 97, 53, 54, 12, 61, 13, 35, 81, 34, 4, 45, 72, 64, 4, 42, 57, 70, 71, 78, 12, 69, 14, 56, 52, 81, 33, 10, 18, 79, 82, 33, 47, 58, 47, 98, 11, 16, 81, 72, 61, 34, 39, 91, 8, 5, 60, 1, 19, 80, 65, 43, 13, 11, 33, 

89, 84, 94, 22, 55, 30, 24, 25, 31, 14, 35, 16, 58, 81, 31, 100, 94, 36, 30, 57, 21, 97, 60, 1, 74, 70, 6, 42, 29, 75, 34, 15, 32, 57, 4, 36, 13, 5, 100, 61, 73, 13, 34, 26, 53, 45, 95, 88, 81, 46, 63, 13, 27, 29, 46, 76, 13, 94, 29, 8, 36, 53, 87, 80, 76, 18, 1, 9, 48, 1, 2, 54, 58, 74, 42, 85, 78, 60, 72, 6, 97, 63, 20, 21, 2, 33, 4, 65, 9, 19, 45, 4, 78, 27, 4, 58, 58, 49, 37, 50, 67, 86, 48, 17, 72, 31, 19, 42, 30, 83, 42, 71, 62, 31, 88, 57, 28, 68, 83, 38, 19, 7, 16, 68, 24, 62, 78, 50, 

89, 59, 58, 3, 26, 95, 19, 88, 85, 22, 11, 40, 71, 61, 91, 16, 94, 42, 4, 78, 47, 95, 18, 70, 72, 28, 17, 78, 17, 70, 52, 69, 68, 51, 34, 85, 96, 63, 25, 10, 40, 98, 89, 96, 64, 52, 84, 98, 95, 70, 13, 35, 3, 11, 49, 43, 74, 68, 94, 72, 77, 12, 3, 40, 67, 34, 92, 23, 93, 54, 95, 36, 3, 95, 8, 58, 89, 13, 43, 10, 52, 9, 64, 65, 18, 81, 84, 86, 71, 44, 47, 99, 60, 51, 84, 69, 19, 12, 96, 1, 75, 30, 16, 53, 74, 52, 80, 90, 75, 4, 63, 17, 33, 100, 53, 88, 45, 38, 35, 99, 9, 89, 73, 83, 67, 78, 48, 78, 

75, 39, 12, 59, 17, 10, 48, 1, 29, 78, 28, 59, 31, 13, 34, 67, 71, 37, 1, 78, 100, 31, 30, 64, 45, 30, 91, 54, 76, 51, 57, 38, 49, 8, 60, 4, 84, 72, 40, 63, 63, 45, 19, 13, 78, 15, 60, 51, 3, 28, 42, 8, 15, 66, 45, 33, 36, 72, 32, 14, 76, 12, 50, 50, 61, 77, 61, 76, 22, 20, 36, 69, 34, 11, 51, 4, 33, 92, 25, 2, 27, 9, 87, 47, 23, 54, 100, 64, 15, 86, 14, 97, 34, 69, 2, 30, 38, 41, 5, 43, 9, 96, 34, 80, 33, 64, 32, 34, 42, 51, 66, 8, 20, 13, 87, 60, 52, 21, 99, 45, 8, 47, 22, 29, 65, 8, 29, 85, 

80, 92, 49, 23, 96, 99, 36, 24, 40, 88, 72, 49, 3, 81, 76, 31, 89, 3, 96, 28, 49, 25, 57, 73, 99, 69, 33, 93, 26, 65, 34, 15, 47, 61, 35, 20, 21, 64, 22, 21, 28, 9, 1, 27, 95, 57, 73, 18, 25, 63, 52, 93, 70, 31, 5, 14, 71, 70, 23, 62, 41, 79, 56, 68, 62, 40, 85, 24, 38, 94, 22, 18, 45, 24, 54, 3, 62, 26, 36, 7, 96, 46, 100, 57, 98, 85, 36, 45, 66, 94, 24, 88, 51, 4, 81, 25, 32, 28, 86, 90, 20, 14, 97, 45, 64, 10, 82, 52, 69, 65, 16, 33, 36, 79, 26, 40, 38, 72, 89, 79, 1, 61, 97, 82, 63, 56, 95, 74, 

25, 79, 58, 4, 70, 30, 65, 44, 11, 18, 82, 39, 4, 80, 73, 65, 10, 57, 84, 89, 66, 16, 62, 50, 70, 77, 22, 33, 65, 65, 89, 54, 41, 23, 100, 16, 74, 47, 19, 93, 96, 64, 24, 47, 26, 55, 50, 2, 55, 92, 9, 28, 84, 76, 2, 92, 54, 14, 34, 38, 10, 12, 9, 67, 79, 8, 69, 51, 40, 20, 57, 20, 77, 66, 80, 52, 46, 37, 59, 53, 56, 100, 36, 63, 92, 92, 33, 92, 26, 8, 85, 95, 53, 20, 70, 23, 11, 29, 87, 100, 22, 1, 12, 7, 86, 95, 94, 42, 42, 11, 15, 7, 55, 23, 2, 73, 17, 98, 15, 2, 31, 93, 76, 65, 50, 11, 35, 96, 

42, 87, 99, 14, 9, 38, 30, 88, 20, 23, 69, 70, 99, 94, 20, 70, 48, 63, 100, 13, 55, 48, 91, 51, 6, 21, 23, 51, 34, 100, 38, 49, 70, 28, 9, 80, 81, 91, 4, 88, 51, 20, 60, 98, 42, 41, 1, 70, 94, 46, 13, 74, 53, 20, 14, 31, 89, 87, 10, 93, 100, 22, 52, 26, 58, 34, 29, 94, 77, 75, 95, 7, 78, 11, 90, 88, 91, 22, 54, 97, 60, 67, 31, 62, 52, 57, 88, 23, 22, 44, 88, 99, 22, 42, 62, 5, 40, 81, 46, 45, 87, 99, 60, 82, 22, 28, 96, 19, 55, 65, 24, 54, 17, 33, 16, 39, 5, 70, 76, 15, 89, 48, 61, 37, 30, 55, 100, 81, 

88, 52, 55, 62, 1, 96, 55, 4, 86, 38, 53, 72, 57, 12, 51, 66, 57, 72, 45, 9, 61, 96, 25, 94, 61, 42, 63, 43, 76, 3, 100, 48, 33, 45, 21, 26, 3, 32, 49, 38, 2, 38, 7, 28, 27, 11, 12, 78, 15, 52, 37, 66, 94, 78, 67, 62, 55, 71, 36, 9, 14, 99, 37, 44, 65, 7, 60, 38, 32, 75, 75, 9, 5, 97, 20, 54, 69, 79, 96, 28, 15, 10, 88, 71, 79, 34, 75, 83, 8, 58, 55, 11, 36, 22, 91, 47, 83, 58, 72, 89, 63, 38, 69, 81, 88, 54, 66, 65, 27, 64, 92, 89, 53, 10, 16, 36, 8, 11, 72, 30, 35, 10, 78, 6, 60, 30, 12, 71, 

75, 70, 90, 28, 63, 45, 3, 82, 80, 71, 39, 2, 98, 88, 64, 34, 13, 40, 42, 12, 9, 44, 27, 75, 3, 14, 52, 45, 5, 90, 50, 98, 73, 54, 71, 33, 61, 7, 44, 81, 20, 5, 35, 30, 87, 48, 11, 49, 86, 35, 81, 55, 38, 82, 60, 82, 28, 29, 50, 99, 77, 99, 86, 52, 48, 100, 79, 9, 70, 44, 79, 9, 31, 59, 89, 2, 35, 37, 31, 60, 94, 31, 15, 36, 49, 63, 59, 84, 63, 17, 78, 32, 22, 58, 40, 19, 64, 76, 49, 58, 50, 51, 57, 73, 47, 86, 42, 5, 1, 75, 42, 39, 39, 79, 26, 44, 51, 25, 54, 93, 91, 28, 75, 98, 1, 21, 45, 89, 

62, 53, 1, 78, 37, 53, 100, 91, 90, 2, 62, 35, 33, 97, 92, 60, 89, 45, 69, 97, 75, 91, 71, 58, 13, 83, 19, 68, 42, 24, 24, 21, 65, 38, 86, 35, 89, 18, 74, 99, 85, 55, 13, 63, 52, 36, 40, 25, 10, 45, 20, 48, 15, 98, 52, 31, 39, 64, 85, 84, 61, 85, 16, 59, 8, 66, 9, 57, 12, 72, 44, 98, 82, 19, 16, 88, 79, 86, 84, 54, 47, 99, 59, 19, 99, 40, 72, 2, 97, 31, 32, 47, 31, 30, 58, 91, 56, 33, 1, 20, 92, 37, 70, 57, 61, 13, 77, 69, 26, 9, 22, 76, 35, 28, 61, 49, 30, 59, 54, 97, 85, 91, 34, 51, 53, 77, 59, 50, 

20, 45, 14, 44, 6, 69, 42, 35, 87, 32, 7, 43, 7, 21, 60, 42, 20, 84, 70, 58, 36, 88, 66, 89, 58, 36, 9, 95, 73, 10, 48, 50, 55, 32, 41, 86, 29, 61, 73, 45, 71, 26, 72, 60, 49, 36, 43, 5, 74, 67, 96, 4, 86, 7, 21, 2, 42, 33, 65, 23, 94, 98, 76, 25, 19, 79, 87, 13, 20, 76, 61, 63, 32, 79, 88, 25, 52, 68, 56, 67, 99, 56, 100, 89, 26, 100, 24, 52, 97, 21, 91, 30, 44, 10, 5, 88, 39, 30, 43, 12, 17, 57, 45, 60, 68, 87, 15, 92, 98, 47, 2, 21, 61, 85, 23, 32, 55, 80, 55, 60, 37, 62, 79, 59, 5, 2, 85, 77, 

77, 3, 42, 77, 94, 67, 18, 52, 3, 76, 53, 2, 9, 76, 21, 71, 3, 18, 80, 37, 91, 8, 21, 1, 42, 9, 49, 6, 56, 53, 15, 17, 26, 59, 42, 57, 55, 94, 31, 72, 16, 80, 1, 62, 95, 55, 54, 3, 27, 44, 64, 51, 24, 16, 75, 24, 6, 94, 15, 69, 85, 63, 45, 99, 21, 42, 19, 34, 25, 21, 81, 13, 43, 63, 4, 42, 81, 93, 75, 11, 97, 58, 77, 6, 41, 4, 69, 66, 99, 53, 70, 98, 78, 93, 20, 21, 21, 76, 97, 48, 27, 60, 85, 5, 56, 74, 36, 4, 74, 22, 72, 11, 5, 94, 83, 90, 53, 96, 41, 77, 53, 21, 60, 19, 5, 73, 47, 6, 

12, 15, 73, 32, 20, 49, 83, 34, 3, 19, 38, 51, 48, 11, 77, 94, 44, 76, 52, 54, 28, 69, 91, 99, 4, 75, 42, 26, 99, 62, 91, 20, 31, 46, 71, 58, 63, 42, 58, 33, 38, 79, 68, 60, 23, 30, 49, 47, 4, 54, 1, 15, 42, 68, 100, 4, 79, 46, 66, 12, 27, 66, 4, 9, 88, 19, 68, 47, 19, 68, 75, 90, 89, 21, 70, 45, 82, 67, 57, 46, 51, 50, 13, 69, 68, 30, 41, 21, 97, 93, 65, 14, 44, 4, 54, 17, 68, 28, 61, 43, 99, 5, 42, 26, 27, 49, 88, 25, 15, 100, 12, 74, 13, 4, 34, 36, 38, 66, 76, 90, 78, 64, 44, 86, 100, 5, 14, 18, 

56, 73, 22, 100, 59, 86, 26, 39, 86, 93, 42, 25, 22, 98, 13, 24, 18, 49, 78, 25, 19, 59, 20, 21, 82, 36, 41, 30, 48, 69, 34, 54, 5, 6, 25, 14, 96, 70, 58, 82, 75, 63, 46, 17, 9, 67, 23, 41, 45, 4, 25, 82, 11, 14, 45, 26, 35, 51, 50, 45, 82, 64, 23, 49, 40, 35, 18, 11, 69, 16, 85, 19, 14, 92, 2, 94, 36, 77, 88, 92, 3, 10, 58, 49, 11, 37, 27, 30, 42, 65, 89, 47, 19, 78, 13, 41, 59, 44, 52, 35, 54, 87, 11, 65, 11, 29, 44, 61, 53, 38, 83, 80, 97, 91, 76, 57, 80, 65, 58, 45, 91, 93, 78, 45, 70, 6, 11, 14, 

6, 15, 27, 50, 5, 66, 10, 60, 35, 67, 28, 18, 75, 39, 38, 38, 76, 9, 23, 38, 63, 31, 25, 30, 44, 46, 53, 11, 83, 60, 88, 57, 64, 42, 20, 79, 55, 67, 55, 42, 20, 25, 68, 75, 72, 39, 2, 1, 24, 82, 82, 34, 4, 65, 76, 58, 35, 51, 1, 20, 29, 61, 83, 30, 66, 83, 5, 34, 48, 43, 86, 16, 47, 82, 56, 95, 47, 78, 77, 87, 20, 18, 32, 21, 79, 29, 95, 98, 48, 93, 85, 79, 98, 90, 41, 57, 4, 14, 21, 59, 31, 25, 27, 72, 44, 92, 89, 20, 15, 41, 27, 1, 12, 66, 37, 36, 69, 85, 11, 84, 12, 27, 90, 69, 43, 35, 77, 52, 

40, 72, 41, 98, 94, 71, 35, 77, 27, 100, 1, 65, 42, 16, 7, 27, 46, 13, 42, 82, 19, 80, 46, 41, 54, 11, 98, 62, 30, 44, 16, 85, 27, 6, 92, 74, 59, 37, 82, 42, 12, 8, 56, 59, 76, 95, 96, 35, 57, 28, 15, 41, 90, 87, 94, 93, 20, 95, 94, 88, 100, 23, 10, 38, 61, 62, 99, 92, 18, 24, 6, 7, 56, 43, 92, 24, 88, 81, 8, 88, 27, 58, 60, 67, 32, 26, 13, 88, 2, 100, 38, 81, 14, 41, 58, 87, 67, 84, 85, 51, 13, 12, 92, 27, 20, 12, 43, 60, 89, 24, 16, 4, 74, 50, 91, 18, 55, 27, 15, 84, 60, 80, 82, 74, 91, 74, 23, 79, 

10, 85, 35, 46, 26, 62, 93, 75, 67, 27, 59, 50, 95, 65, 19, 67, 11, 92, 69, 64, 43, 81, 95, 60, 69, 23, 15, 62, 11, 37, 15, 91, 98, 85, 40, 68, 73, 12, 35, 97, 31, 81, 82, 27, 32, 65, 25, 25, 17, 86, 46, 69, 10, 41, 55, 4, 97, 37, 20, 22, 47, 56, 17, 26, 22, 93, 39, 70, 39, 11, 51, 81, 29, 40, 53, 25, 8, 20, 22, 12, 8, 59, 17, 19, 48, 72, 62, 30, 16, 34, 63, 94, 92, 56, 17, 100, 61, 39, 55, 14, 34, 44, 67, 58, 38, 5, 9, 35, 12, 100, 57, 11, 1, 28, 63, 73, 24, 44, 56, 72, 38, 71, 97, 37, 66, 49, 40, 8, 

83, 93, 3, 22, 90, 40, 52, 96, 84, 81, 73, 75, 78, 52, 42, 37, 97, 50, 20, 25, 89, 31, 85, 20, 76, 35, 95, 73, 15, 76, 60, 98, 92, 25, 8, 75, 32, 8, 8, 97, 20, 31, 83, 60, 46, 45, 72, 74, 24, 76, 59, 81, 53, 54, 69, 8, 46, 40, 43, 87, 63, 6, 23, 14, 60, 26, 67, 58, 33, 81, 65, 49, 49, 90, 71, 90, 71, 75, 58, 52, 30, 47, 71, 2, 3, 59, 63, 24, 50, 77, 19, 9, 10, 89, 61, 95, 100, 10, 52, 94, 53, 40, 67, 48, 76, 96, 60, 1, 9, 49, 37, 28, 14, 69, 10, 76, 97, 66, 35, 83, 72, 4, 62, 48, 72, 12, 87, 25, 

73, 41, 88, 100, 96, 21, 1, 10, 11, 26, 14, 94, 20, 59, 20, 52, 29, 30, 29, 65, 74, 97, 89, 66, 90, 97, 77, 31, 62, 39, 56, 71, 41, 53, 68, 6, 31, 86, 1, 20, 50, 55, 48, 98, 62, 19, 8, 14, 65, 26, 18, 87, 30, 21, 26, 33, 93, 95, 14, 60, 75, 5, 36, 94, 38, 42, 60, 54, 26, 11, 57, 27, 72, 26, 24, 84, 55, 23, 16, 83, 38, 44, 79, 18, 36, 72, 29, 9, 10, 92, 14, 63, 69, 15, 52, 19, 80, 63, 83, 62, 73, 54, 8, 48, 18, 16, 74, 35, 80, 41, 25, 17, 45, 79, 27, 92, 31, 78, 26, 40, 78, 8, 35, 63, 48, 43, 56, 20, 

83, 42, 93, 84, 81, 20, 31, 31, 25, 67, 57, 63, 52, 30, 30, 36, 67, 38, 14, 12, 91, 63, 23, 80, 62, 39, 36, 29, 4, 61, 17, 72, 69, 36, 16, 48, 72, 68, 38, 86, 37, 30, 38, 23, 56, 51, 24, 37, 50, 97, 32, 6, 20, 90, 26, 74, 44, 57, 76, 67, 78, 54, 67, 85, 39, 91, 2, 95, 38, 89, 34, 80, 10, 22, 91, 35, 73, 73, 92, 76, 60, 74, 81, 96, 26, 67, 84, 67, 100, 50, 6, 91, 56, 1, 25, 6, 60, 9, 70, 85, 68, 62, 62, 83, 69, 6, 88, 36, 67, 69, 2, 69, 40, 59, 48, 82, 9, 37, 11, 46, 43, 52, 61, 42, 39, 31, 7, 49, 

70, 15, 62, 90, 50, 67, 63, 40, 55, 32, 2, 29, 8, 10, 98, 49, 40, 16, 57, 93, 13, 65, 18, 36, 88, 24, 20, 2, 60, 100, 9, 19, 100, 22, 2, 39, 69, 49, 93, 16, 87, 69, 56, 42, 30, 100, 100, 77, 38, 5, 96, 33, 74, 56, 99, 75, 46, 12, 20, 41, 32, 78, 47, 96, 1, 21, 33, 19, 65, 34, 59, 41, 76, 90, 87, 13, 29, 78, 41, 63, 11, 28, 62, 60, 16, 48, 18, 54, 20, 52, 53, 75, 10, 72, 19, 35, 68, 96, 77, 50, 23, 8, 53, 46, 88, 84, 79, 82, 6, 98, 95, 70, 58, 28, 28, 61, 30, 27, 52, 1, 77, 7, 56, 62, 4, 36, 42, 14, 

28, 63, 94, 61, 31, 99, 55, 26, 39, 47, 57, 89, 7, 84, 95, 35, 63, 51, 30, 91, 93, 51, 52, 90, 72, 72, 58, 87, 81, 62, 68, 1, 81, 46, 7, 61, 32, 28, 5, 78, 42, 79, 29, 73, 19, 68, 8, 34, 44, 83, 55, 28, 3, 38, 40, 47, 72, 87, 36, 15, 97, 25, 67, 80, 23, 64, 96, 87, 67, 51, 55, 16, 20, 16, 44, 50, 70, 40, 11, 59, 73, 81, 80, 96, 56, 95, 24, 45, 6, 63, 1, 16, 87, 80, 99, 23, 8, 57, 70, 39, 94, 80, 63, 36, 60, 60, 68, 53, 82, 60, 72, 29, 66, 1, 54, 54, 29, 96, 92, 23, 13, 27, 58, 51, 78, 57, 41, 48, 

81, 32, 52, 47, 79, 50, 54, 84, 26, 48, 65, 99, 87, 81, 17, 4, 99, 69, 35, 51, 24, 73, 53, 56, 32, 76, 91, 88, 97, 32, 7, 5, 59, 75, 61, 72, 10, 49, 45, 95, 8, 7, 97, 66, 12, 6, 40, 9, 94, 52, 71, 77, 3, 50, 89, 21, 83, 25, 6, 37, 15, 70, 67, 53, 68, 73, 65, 78, 3, 56, 43, 37, 52, 48, 20, 32, 82, 58, 20, 29, 34, 65, 52, 9, 58, 26, 77, 44, 7, 62, 65, 15, 5, 55, 61, 17, 35, 17, 31, 22, 18, 35, 53, 14, 91, 99, 7, 24, 48, 26, 71, 10, 13, 6, 8, 39, 86, 24, 74, 98, 65, 24, 75, 38, 89, 23, 53, 74, 

15, 11, 92, 70, 29, 19, 13, 65, 14, 59, 86, 50, 49, 6, 73, 63, 17, 72, 40, 77, 34, 74, 96, 14, 62, 7, 100, 46, 21, 12, 29, 45, 15, 27, 70, 54, 63, 77, 16, 19, 7, 89, 16, 95, 35, 8, 43, 84, 44, 99, 21, 94, 75, 9, 66, 1, 67, 8, 26, 80, 16, 26, 66, 3, 51, 68, 73, 86, 7, 17, 98, 72, 56, 35, 31, 91, 43, 55, 62, 41, 53, 71, 20, 32, 51, 12, 4, 9, 44, 10, 4, 78, 18, 81, 27, 45, 53, 70, 80, 94, 38, 8, 74, 46, 40, 30, 52, 98, 38, 88, 35, 56, 77, 64, 44, 86, 52, 53, 77, 84, 36, 79, 88, 55, 9, 71, 36, 62, 

11, 9, 2, 12, 93, 3, 50, 91, 38, 68, 18, 55, 84, 87, 14, 87, 13, 63, 27, 35, 38, 53, 87, 41, 34, 53, 57, 42, 22, 37, 72, 7, 16, 77, 22, 56, 69, 29, 52, 77, 34, 45, 39, 22, 24, 81, 51, 7, 58, 82, 11, 33, 31, 36, 25, 66, 59, 38, 76, 12, 25, 78, 46, 2, 57, 48, 82, 60, 14, 56, 81, 56, 38, 69, 25, 78, 13, 46, 8, 70, 13, 84, 9, 82, 74, 33, 93, 5, 26, 81, 27, 8, 19, 95, 61, 16, 60, 71, 16, 1, 90, 20, 85, 54, 75, 69, 62, 53, 82, 14, 27, 50, 70, 61, 88, 20, 75, 11, 40, 30, 51, 91, 70, 79, 92, 70, 84, 50, 

74, 23, 3, 96, 85, 74, 42, 94, 69, 2, 87, 26, 14, 77, 33, 33, 100, 85, 2, 15, 47, 35, 26, 23, 7, 40, 4, 65, 92, 42, 11, 82, 43, 13, 19, 15, 99, 20, 60, 71, 78, 53, 43, 97, 35, 40, 92, 23, 45, 73, 7, 40, 9, 12, 8, 37, 9, 25, 75, 41, 19, 83, 27, 72, 31, 26, 7, 32, 11, 35, 25, 100, 32, 83, 30, 12, 6, 26, 3, 67, 81, 32, 38, 90, 37, 99, 99, 80, 95, 23, 21, 94, 8, 16, 50, 5, 16, 27, 62, 8, 39, 81, 76, 13, 96, 62, 32, 43, 22, 26, 5, 48, 9, 85, 9, 46, 28, 28, 99, 81, 23, 42, 6, 58, 55, 32, 1, 62, 

72, 89, 68, 7, 90, 45, 27, 69, 45, 97, 69, 88, 33, 74, 29, 16, 50, 46, 9, 67, 100, 7, 95, 28, 33, 27, 57, 77, 71, 12, 24, 73, 93, 99, 31, 66, 63, 94, 58, 96, 32, 77, 22, 15, 81, 4, 32, 7, 57, 68, 4, 27, 26, 34, 25, 11, 41, 15, 47, 64, 74, 83, 28, 39, 44, 96, 70, 77, 78, 71, 5, 21, 12, 83, 35, 44, 45, 35, 50, 6, 84, 26, 20, 80, 28, 41, 49, 68, 32, 52, 37, 14, 14, 58, 95, 48, 52, 43, 83, 13, 79, 94, 74, 7, 96, 48, 4, 10, 90, 1, 31, 55, 82, 88, 29, 80, 74, 92, 48, 6, 95, 20, 84, 53, 25, 79, 80, 61, 

78, 28, 60, 77, 80, 55, 14, 1, 16, 92, 60, 50, 67, 6, 1, 18, 81, 70, 38, 89, 10, 31, 73, 76, 95, 24, 44, 58, 37, 18, 61, 71, 42, 34, 52, 24, 21, 12, 4, 29, 2, 50, 38, 32, 94, 96, 39, 79, 58, 50, 68, 26, 49, 98, 57, 79, 13, 4, 42, 48, 77, 17, 1, 74, 84, 25, 62, 88, 2, 85, 50, 4, 76, 88, 79, 60, 24, 26, 53, 77, 99, 15, 91, 5, 17, 57, 82, 15, 48, 22, 80, 34, 13, 74, 11, 98, 14, 30, 50, 96, 43, 95, 90, 32, 24, 86, 68, 19, 93, 51, 3, 14, 48, 17, 50, 21, 31, 51, 43, 3, 32, 84, 42, 99, 58, 96, 84, 28, 

51, 64, 83, 32, 100, 53, 9, 64, 60, 57, 9, 72, 11, 73, 90, 1, 72, 92, 59, 38, 37, 79, 20, 100, 40, 32, 44, 97, 55, 50, 86, 24, 8, 8, 2, 30, 44, 2, 26, 55, 81, 76, 26, 7, 57, 35, 24, 12, 18, 67, 24, 24, 22, 80, 13, 71, 46, 20, 47, 7, 51, 68, 11, 41, 86, 12, 51, 94, 89, 91, 46, 49, 85, 86, 74, 25, 12, 86, 70, 27, 23, 36, 64, 79, 88, 95, 4, 46, 75, 53, 84, 1, 9, 41, 12, 11, 36, 26, 79, 30, 75, 66, 40, 85, 20, 42, 1, 9, 55, 8, 1, 26, 56, 45, 85, 4, 68, 40, 83, 53, 53, 94, 70, 3, 94, 81, 29, 58, 

67, 62, 90, 23, 24, 55, 41, 5, 86, 98, 77, 21, 55, 6, 98, 66, 22, 45, 15, 72, 37, 62, 18, 25, 86, 64, 23, 52, 81, 85, 78, 4, 26, 50, 17, 58, 15, 57, 31, 70, 90, 30, 93, 100, 59, 16, 72, 80, 45, 90, 23, 8, 31, 50, 72, 19, 81, 44, 87, 3, 61, 8, 17, 87, 29, 24, 53, 30, 6, 50, 14, 92, 62, 34, 7, 23, 40, 6, 21, 76, 19, 36, 22, 56, 58, 38, 79, 76, 89, 68, 59, 10, 45, 62, 10, 49, 32, 2, 23, 41, 1, 94, 7, 95, 92, 79, 93, 22, 16, 12, 56, 8, 98, 95, 96, 53, 36, 67, 60, 69, 51, 49, 57, 38, 86, 58, 52, 14, 

31, 34, 88, 83, 9, 67, 24, 77, 56, 32, 16, 84, 72, 24, 53, 80, 74, 92, 12, 84, 37, 44, 66, 54, 26, 93, 82, 30, 87, 80, 29, 18, 87, 33, 9, 67, 44, 35, 47, 39, 24, 92, 79, 31, 95, 97, 95, 54, 90, 24, 28, 26, 54, 33, 87, 87, 79, 32, 7, 5, 34, 100, 75, 93, 25, 82, 83, 50, 91, 18, 29, 57, 63, 74, 37, 71, 87, 97, 71, 47, 23, 64, 46, 91, 57, 90, 8, 67, 57, 33, 60, 82, 96, 87, 39, 55, 76, 100, 74, 9, 51, 16, 66, 9, 30, 36, 13, 79, 7, 96, 3, 56, 46, 23, 68, 55, 59, 44, 62, 26, 86, 10, 90, 79, 41, 27, 10, 39, 

91, 98, 67, 28, 84, 97, 41, 64, 12, 44, 27, 14, 42, 2, 14, 53, 94, 42, 11, 1, 13, 40, 69, 40, 61, 84, 47, 53, 90, 80, 14, 61, 90, 81, 58, 68, 3, 32, 18, 87, 29, 52, 23, 12, 63, 72, 3, 39, 19, 84, 46, 6, 72, 1, 92, 50, 68, 99, 58, 62, 66, 80, 29, 20, 17, 95, 100, 100, 94, 53, 82, 19, 80, 30, 54, 79, 34, 21, 41, 15, 76, 44, 94, 13, 44, 35, 64, 22, 20, 13, 46, 54, 50, 59, 9, 46, 27, 86, 87, 91, 82, 19, 91, 3, 22, 6, 10, 82, 41, 68, 3, 67, 97, 53, 77, 35, 5, 83, 99, 8, 72, 100, 20, 86, 33, 88, 85, 10, 

58, 94, 30, 55, 96, 79, 5, 36, 52, 49, 34, 66, 58, 25, 45, 96, 13, 70, 34, 69, 33, 30, 43, 5, 81, 56, 70, 43, 91, 26, 93, 90, 85, 66, 69, 75, 55, 38, 35, 47, 21, 64, 39, 87, 11, 1, 100, 57, 71, 98, 27, 98, 18, 30, 30, 25, 62, 5, 92, 57, 77, 81, 20, 20, 25, 22, 17, 8, 28, 34, 73, 50, 92, 52, 26, 87, 98, 17, 72, 66, 28, 5, 27, 1, 35, 28, 99, 71, 94, 14, 90, 37, 78, 61, 10, 90, 69, 96, 19, 93, 38, 73, 5, 81, 96, 99, 95, 74, 49, 56, 26, 37, 23, 41, 81, 51, 76, 12, 14, 84, 60, 73, 21, 81, 17, 88, 25, 18, 

82, 43, 80, 84, 77, 34, 94, 99, 62, 36, 63, 90, 100, 51, 15, 95, 46, 53, 10, 12, 79, 81, 74, 68, 57, 67, 71, 40, 96, 95, 88, 46, 39, 99, 25, 88, 18, 90, 7, 69, 28, 89, 32, 95, 43, 42, 47, 5, 91, 93, 65, 37, 92, 59, 41, 30, 36, 45, 7, 40, 89, 76, 74, 46, 3, 41, 21, 100, 46, 58, 17, 78, 47, 16, 98, 54, 21, 71, 30, 99, 43, 92, 61, 93, 51, 33, 7, 53, 38, 15, 26, 55, 62, 52, 99, 61, 63, 96, 20, 3, 64, 73, 11, 55, 38, 55, 31, 7, 44, 3, 44, 94, 12, 54, 21, 3, 13, 84, 67, 4, 56, 91, 82, 35, 70, 92, 80, 77, 

22, 4, 69, 79, 23, 76, 61, 100, 63, 11, 54, 1, 78, 12, 8, 100, 28, 37, 17, 52, 2, 84, 85, 81, 80, 78, 56, 68, 55, 88, 30, 85, 22, 13, 26, 63, 98, 39, 23, 21, 47, 84, 30, 63, 35, 44, 1, 7, 47, 44, 8, 58, 90, 62, 88, 37, 21, 85, 94, 78, 94, 51, 51, 98, 25, 86, 57, 5, 48, 54, 39, 76, 75, 88, 68, 84, 21, 52, 73, 22, 48, 3, 65, 45, 81, 16, 49, 3, 54, 77, 73, 23, 60, 34, 12, 82, 95, 51, 97, 26, 63, 34, 19, 31, 85, 45, 58, 74, 50, 3, 80, 25, 1, 30, 89, 26, 46, 41, 20, 65, 93, 98, 64, 73, 4, 43, 90, 22, 

18, 75, 27, 61, 25, 16, 21, 6, 93, 63, 57, 74, 30, 81, 65, 1, 22, 45, 75, 98, 70, 82, 34, 20, 10, 11, 39, 26, 77, 7, 64, 37, 37, 23, 48, 53, 94, 50, 84, 32, 94, 10, 81, 50, 46, 19, 56, 65, 46, 73, 51, 42, 68, 50, 47, 85, 93, 86, 5, 39, 13, 65, 63, 62, 98, 14, 97, 80, 11, 62, 90, 71, 2, 13, 41, 3, 69, 88, 32, 82, 83, 19, 47, 48, 77, 90, 49, 83, 81, 12, 33, 98, 46, 45, 97, 33, 90, 53, 46, 24, 23, 1, 35, 29, 90, 58, 20, 64, 33, 97, 68, 36, 41, 13, 65, 90, 97, 14, 15, 48, 60, 24, 88, 21, 27, 86, 4, 49, 

77, 99, 76, 13, 38, 78, 92, 88, 46, 42, 57, 26, 77, 47, 90, 62, 24, 48, 5, 56, 32, 1, 43, 2, 72, 73, 96, 99, 77, 44, 29, 51, 79, 84, 46, 96, 38, 2, 37, 9, 86, 67, 33, 7, 91, 1, 21, 13, 81, 54, 25, 76, 55, 39, 84, 53, 45, 14, 75, 88, 16, 82, 46, 25, 8, 34, 6, 98, 15, 60, 95, 81, 12, 100, 91, 53, 72, 37, 40, 31, 10, 31, 85, 58, 21, 77, 26, 31, 30, 61, 43, 26, 14, 93, 11, 92, 64, 8, 97, 10, 79, 12, 60, 27, 68, 80, 19, 33, 74, 79, 51, 12, 30, 6, 85, 56, 53, 55, 40, 8, 20, 7, 83, 5, 2, 94, 94, 26, 

46, 7, 48, 85, 67, 23, 29, 32, 53, 10, 77, 12, 75, 17, 49, 76, 37, 4, 33, 68, 80, 56, 42, 43, 64, 59, 61, 83, 81, 86, 54, 6, 88, 13, 69, 41, 77, 49, 36, 86, 4, 57, 81, 47, 20, 17, 75, 50, 64, 90, 96, 1, 84, 26, 8, 48, 35, 68, 27, 99, 26, 80, 5, 87, 51, 74, 8, 54, 30, 94, 100, 38, 73, 35, 25, 61, 73, 88, 74, 81, 34, 63, 75, 44, 79, 84, 8, 96, 94, 3, 11, 96, 90, 28, 68, 48, 19, 21, 30, 17, 45, 5, 18, 45, 32, 31, 55, 37, 28, 48, 36, 4, 23, 14, 68, 33, 25, 21, 69, 51, 21, 59, 18, 28, 74, 25, 3, 56, 

1, 67, 69, 36, 97, 78, 38, 2, 1, 59, 23, 21, 21, 87, 50, 33, 62, 98, 26, 77, 86, 45, 38, 20, 98, 37, 70, 83, 54, 52, 55, 48, 57, 28, 51, 42, 92, 32, 66, 79, 75, 18, 30, 23, 44, 84, 74, 63, 94, 94, 90, 12, 15, 99, 72, 35, 5, 19, 5, 57, 70, 58, 77, 41, 89, 69, 3, 65, 71, 52, 57, 71, 3, 59, 27, 6, 92, 50, 46, 87, 68, 14, 18, 38, 35, 15, 66, 95, 11, 72, 33, 19, 16, 36, 21, 15, 16, 53, 99, 51, 59, 4, 75, 52, 38, 61, 86, 8, 97, 48, 46, 74, 39, 6, 46, 61, 48, 80, 6, 77, 83, 37, 79, 4, 81, 82, 69, 92, 

25, 65, 39, 43, 39, 75, 62, 1, 98, 40, 56, 75, 10, 17, 97, 81, 50, 80, 7, 45, 6, 94, 52, 85, 71, 63, 40, 17, 46, 78, 51, 53, 79, 80, 5, 37, 13, 42, 2, 15, 23, 33, 46, 9, 79, 56, 96, 46, 68, 11, 32, 29, 55, 69, 43, 87, 14, 57, 50, 7, 29, 42, 91, 32, 25, 45, 44, 57, 17, 51, 54, 73, 44, 5, 70, 83, 91, 85, 78, 8, 98, 94, 11, 14, 95, 14, 8, 90, 29, 32, 85, 12, 27, 75, 63, 37, 81, 33, 15, 85, 90, 92, 52, 70, 100, 29, 96, 5, 62, 82, 50, 54, 60, 2, 82, 82, 17, 13, 36, 52, 33, 80, 41, 14, 50, 27, 8, 80, 

90, 25, 41, 41, 4, 52, 82, 16, 26, 46, 61, 71, 97, 47, 42, 13, 48, 54, 78, 34, 68, 91, 22, 79, 80, 10, 89, 83, 93, 28, 14, 93, 54, 72, 59, 52, 4, 81, 36, 51, 59, 73, 100, 87, 11, 56, 69, 13, 44, 13, 11, 93, 20, 16, 74, 75, 52, 72, 16, 30, 40, 16, 4, 24, 7, 17, 88, 98, 40, 75, 75, 38, 54, 3, 78, 75, 73, 98, 85, 88, 51, 37, 73, 11, 97, 78, 13, 32, 88, 100, 78, 1, 23, 68, 99, 65, 16, 100, 7, 7, 30, 28, 96, 28, 69, 32, 79, 82, 13, 73, 60, 26, 49, 87, 30, 52, 55, 63, 91, 2, 15, 60, 40, 34, 14, 80, 99, 49, 

7, 25, 5, 51, 74, 30, 62, 88, 9, 60, 10, 18, 61, 21, 21, 51, 13, 98, 19, 25, 14, 4, 27, 16, 72, 49, 75, 93, 87, 92, 38, 59, 96, 45, 95, 85, 97, 10, 31, 100, 36, 6, 60, 90, 95, 55, 85, 13, 66, 25, 42, 54, 59, 66, 76, 68, 82, 73, 52, 20, 21, 80, 76, 1, 87, 36, 41, 20, 91, 38, 6, 55, 84, 79, 97, 82, 55, 15, 77, 92, 63, 22, 1, 88, 26, 25, 79, 62, 50, 52, 73, 41, 3, 27, 47, 80, 94, 48, 28, 33, 17, 63, 45, 7, 47, 13, 62, 60, 11, 92, 16, 76, 13, 19, 27, 70, 82, 66, 29, 38, 26, 31, 9, 97, 79, 62, 42, 92, 

35, 40, 77, 38, 5, 82, 27, 78, 60, 90, 11, 58, 23, 71, 45, 34, 31, 40, 37, 73, 81, 14, 14, 12, 57, 52, 15, 19, 98, 31, 42, 75, 93, 3, 13, 61, 9, 67, 26, 54, 21, 29, 83, 62, 61, 65, 52, 68, 23, 19, 21, 47, 5, 39, 22, 8, 33, 58, 24, 52, 100, 13, 84, 22, 7, 72, 15, 28, 13, 52, 77, 59, 42, 50, 23, 6, 51, 28, 7, 95, 24, 21, 86, 42, 33, 6, 58, 1, 80, 73, 32, 39, 99, 60, 12, 55, 65, 42, 67, 89, 73, 91, 53, 65, 36, 86, 92, 77, 72, 40, 56, 47, 60, 77, 16, 84, 4, 73, 99, 2, 11, 81, 36, 34, 53, 90, 17, 100, 

8, 49, 26, 50, 59, 81, 12, 38, 5, 91, 28, 42, 60, 60, 8, 12, 82, 55, 73, 81, 48, 39, 14, 14, 89, 65, 71, 45, 61, 36, 4, 65, 68, 47, 31, 38, 30, 35, 40, 40, 33, 47, 60, 6, 64, 26, 67, 47, 50, 49, 52, 67, 24, 55, 3, 47, 54, 97, 41, 78, 33, 84, 91, 42, 38, 78, 9, 88, 61, 94, 41, 8, 23, 50, 11, 43, 11, 87, 62, 93, 10, 86, 93, 40, 70, 91, 24, 57, 6, 20, 75, 57, 62, 79, 35, 16, 54, 41, 83, 93, 23, 58, 93, 100, 81, 43, 57, 12, 8, 7, 84, 87, 55, 21, 41, 58, 74, 64, 73, 15, 42, 14, 43, 30, 90, 51, 76, 18, 

64, 73, 16, 30, 92, 14, 16, 68, 92, 10, 6, 74, 59, 7, 57, 69, 57, 20, 49, 27, 88, 91, 85, 28, 79, 30, 52, 30, 5, 81, 31, 66, 96, 85, 89, 47, 92, 62, 45, 41, 43, 34, 63, 62, 81, 40, 21, 11, 86, 17, 44, 4, 46, 10, 98, 84, 21, 44, 70, 74, 39, 39, 11, 45, 1, 60, 82, 25, 92, 30, 40, 19, 50, 73, 85, 3, 41, 84, 45, 19, 33, 97, 48, 40, 40, 3, 89, 21, 63, 1, 50, 67, 78, 97, 18, 87, 47, 96, 66, 20, 44, 89, 14, 77, 36, 77, 41, 9, 27, 43, 13, 28, 66, 84, 8, 55, 85, 36, 66, 24, 95, 42, 57, 36, 97, 33, 31, 95, 

28, 27, 66, 38, 2, 32, 5, 36, 74, 21, 2, 40, 74, 100, 73, 92, 54, 21, 54, 43, 61, 78, 24, 40, 26, 2, 78, 66, 42, 27, 10, 6, 98, 4, 88, 71, 18, 89, 3, 76, 27, 2, 27, 1, 3, 4, 9, 32, 69, 35, 70, 37, 13, 25, 92, 28, 18, 41, 93, 65, 7, 31, 83, 15, 55, 1, 55, 22, 37, 6, 86, 31, 25, 68, 98, 23, 12, 91, 68, 66, 60, 99, 10, 12, 48, 27, 4, 77, 47, 49, 89, 11, 24, 47, 49, 55, 65, 81, 13, 67, 48, 65, 27, 29, 99, 52, 51, 89, 64, 34, 84, 7, 24, 66, 94, 43, 46, 60, 42, 100, 22, 56, 10, 45, 74, 83, 100, 43, 

23, 42, 28, 24, 68, 80, 58, 58, 10, 32, 50, 57, 86, 21, 48, 75, 15, 83, 17, 66, 41, 73, 14, 51, 15, 84, 41, 11, 6, 64, 41, 36, 71, 15, 60, 84, 14, 26, 15, 16, 77, 5, 51, 20, 11, 28, 30, 54, 84, 92, 92, 43, 98, 46, 25, 26, 75, 76, 43, 45, 98, 29, 30, 86, 23, 95, 85, 19, 28, 4, 94, 76, 4, 56, 27, 59, 11, 88, 1, 75, 64, 54, 4, 93, 93, 94, 56, 31, 6, 71, 24, 72, 49, 35, 59, 57, 30, 35, 71, 91, 70, 69, 94, 19, 94, 30, 95, 23, 75, 6, 28, 37, 85, 95, 62, 1, 98, 60, 5, 82, 34, 98, 43, 67, 98, 80, 40, 99, 

48, 17, 37, 18, 6, 76, 55, 20, 34, 99, 97, 38, 32, 89, 22, 45, 71, 48, 5, 10, 28, 53, 61, 54, 26, 33, 5, 12, 12, 9, 5, 33, 93, 7, 80, 50, 31, 3, 71, 59, 53, 81, 44, 10, 18, 25, 64, 42, 58, 29, 54, 15, 92, 87, 37, 27, 98, 95, 44, 59, 94, 44, 97, 69, 33, 81, 65, 24, 8, 60, 8, 52, 87, 37, 94, 26, 2, 49, 95, 22, 38, 43, 5, 32, 88, 56, 12, 99, 10, 89, 36, 7, 26, 9, 69, 59, 32, 40, 88, 29, 84, 89, 47, 82, 27, 76, 54, 37, 16, 84, 67, 14, 9, 39, 95, 61, 22, 71, 49, 12, 69, 29, 90, 95, 23, 63, 97, 64, 

22, 20, 50, 43, 24, 37, 43, 48, 5, 38, 48, 17, 50, 79, 52, 51, 12, 76, 63, 64, 43, 74, 25, 17, 6, 18, 18, 96, 8, 54, 20, 18, 35, 43, 42, 87, 34, 40, 27, 79, 10, 88, 28, 60, 100, 12, 37, 45, 11, 80, 75, 49, 85, 39, 23, 10, 91, 89, 59, 24, 62, 26, 63, 11, 84, 2, 62, 23, 35, 56, 94, 100, 75, 49, 93, 96, 72, 9, 5, 77, 97, 91, 76, 14, 85, 51, 97, 76, 14, 8, 54, 43, 54, 65, 48, 74, 66, 21, 80, 94, 43, 15, 5, 63, 32, 69, 50, 93, 92, 7, 11, 58, 51, 69, 95, 94, 69, 33, 26, 76, 2, 1, 28, 23, 26, 99, 15, 79, 

46, 58, 40, 31, 53, 39, 46, 73, 100, 49, 34, 16, 28, 6, 6, 21, 100, 12, 13, 98, 16, 99, 4, 77, 26, 1, 81, 2, 75, 57, 25, 91, 44, 52, 23, 15, 33, 25, 27, 52, 11, 98, 71, 10, 17, 91, 60, 90, 30, 30, 2, 68, 57, 28, 99, 29, 20, 24, 72, 54, 80, 53, 52, 86, 74, 74, 47, 31, 1, 30, 80, 30, 77, 69, 53, 53, 49, 87, 53, 79, 24, 3, 75, 18, 63, 91, 57, 63, 88, 51, 38, 82, 6, 87, 71, 57, 5, 21, 97, 98, 38, 80, 80, 41, 71, 22, 72, 29, 37, 26, 83, 56, 16, 70, 5, 97, 69, 4, 45, 8, 15, 63, 94, 8, 69, 61, 70, 21, 

23, 90, 80, 41, 56, 39, 52, 55, 90, 95, 50, 66, 7, 45, 19, 83, 4, 85, 96, 92, 100, 14, 75, 49, 60, 100, 29, 95, 35, 80, 71, 38, 48, 31, 53, 45, 8, 96, 74, 90, 93, 23, 83, 51, 39, 61, 98, 15, 67, 18, 100, 50, 47, 42, 4, 69, 7, 98, 37, 15, 10, 78, 53, 27, 37, 30, 44, 74, 47, 32, 5, 100, 5, 97, 16, 20, 34, 54, 31, 68, 55, 47, 31, 95, 62, 41, 17, 55, 64, 45, 86, 6, 100, 51, 97, 33, 10, 65, 80, 85, 51, 19, 12, 42, 70, 96, 27, 80, 10, 44, 45, 63, 86, 11, 17, 20, 91, 63, 10, 16, 90, 39, 68, 62, 51, 41, 95, 35, 

34, 52, 62, 25, 6, 62, 71, 95, 30, 79, 2, 63, 22, 48, 99, 38, 47, 90, 89, 56, 59, 15, 68, 28, 5, 61, 2, 93, 66, 12, 73, 94, 61, 68, 55, 36, 39, 46, 36, 44, 48, 91, 72, 11, 98, 54, 100, 61, 15, 46, 6, 31, 40, 36, 83, 42, 1, 49, 30, 22, 83, 61, 54, 60, 33, 51, 39, 61, 62, 46, 83, 82, 6, 12, 2, 80, 43, 70, 53, 36, 40, 67, 41, 79, 42, 36, 7, 94, 44, 53, 12, 100, 97, 26, 89, 19, 49, 95, 44, 76, 100, 63, 57, 37, 58, 46, 47, 84, 31, 4, 52, 31, 40, 62, 55, 66, 16, 48, 3, 94, 93, 46, 72, 93, 36, 70, 98, 7, 

92, 8, 67, 31, 53, 13, 23, 25, 81, 38, 8, 25, 61, 74, 9, 49, 14, 38, 63, 47, 33, 88, 73, 55, 40, 70, 47, 21, 61, 65, 20, 49, 15, 15, 26, 10, 33, 51, 51, 78, 10, 61, 68, 16, 87, 19, 11, 11, 92, 26, 46, 88, 89, 8, 62, 28, 59, 72, 25, 7, 28, 76, 59, 77, 37, 29, 66, 41, 39, 79, 41, 98, 12, 37, 6, 74, 15, 69, 13, 88, 36, 96, 50, 59, 70, 57, 52, 79, 71, 33, 65, 34, 62, 26, 44, 42, 68, 31, 31, 30, 16, 31, 66, 42, 97, 80, 23, 9, 81, 56, 74, 46, 97, 6, 74, 72, 61, 87, 59, 100, 11, 54, 41, 46, 93, 21, 8, 6, 

20, 78, 87, 7, 29, 16, 81, 36, 70, 87, 36, 98, 66, 49, 55, 21, 94, 37, 28, 10, 2, 6, 31, 2, 84, 53, 80, 80, 7, 90, 78, 45, 47, 64, 90, 60, 19, 62, 43, 69, 32, 55, 17, 97, 52, 68, 57, 10, 62, 80, 37, 68, 25, 4, 57, 94, 48, 26, 45, 45, 31, 54, 35, 87, 43, 86, 71, 57, 100, 35, 76, 72, 78, 15, 77, 6, 56, 60, 50, 93, 9, 26, 29, 48, 57, 78, 39, 97, 47, 24, 58, 75, 79, 12, 23, 73, 99, 51, 21, 17, 98, 8, 45, 38, 10, 71, 68, 87, 80, 29, 29, 11, 27, 84, 80, 31, 99, 3, 98, 35, 36, 21, 43, 49, 9, 57, 94, 81, 

45, 59, 60, 82, 85, 43, 41, 13, 37, 36, 45, 90, 28, 38, 21, 85, 39, 79, 60, 6, 65, 36, 53, 65, 4, 19, 10, 91, 22, 5, 24, 71, 1, 74, 65, 28, 48, 71, 59, 48, 47, 70, 74, 23, 35, 71, 39, 29, 76, 67, 58, 36, 16, 75, 26, 70, 38, 82, 4, 86, 41, 85, 63, 42, 37, 2, 1, 26, 26, 28, 95, 85, 6, 54, 80, 51, 58, 42, 47, 78, 30, 71, 21, 41, 44, 49, 89, 94, 70, 7, 9, 31, 89, 73, 60, 91, 70, 44, 44, 14, 86, 8, 93, 15, 21, 83, 80, 48, 3, 4, 64, 19, 60, 54, 16, 51, 3, 32, 98, 68, 35, 46, 8, 36, 32, 20, 91, 16, 

58, 94, 23, 16, 19, 56, 54, 59, 27, 88, 94, 68, 5, 89, 47, 3, 58, 52, 57, 87, 22, 29, 47, 98, 47, 90, 36, 77, 16, 4, 83, 31, 22, 87, 43, 51, 96, 72, 71, 19, 29, 65, 40, 43, 18, 54, 13, 2, 57, 78, 79, 96, 78, 35, 62, 63, 63, 44, 17, 66, 97, 45, 89, 79, 47, 75, 37, 21, 65, 43, 96, 47, 84, 90, 24, 45, 34, 44, 61, 19, 1, 65, 65, 94, 39, 81, 24, 46, 39, 57, 29, 30, 68, 48, 94, 29, 56, 11, 80, 52, 89, 29, 81, 47, 72, 94, 36, 71, 44, 29, 74, 1, 87, 99, 69, 59, 53, 81, 79, 33, 23, 6, 91, 23, 7, 36, 35, 54, 

62, 36, 24, 90, 91, 99, 54, 52, 69, 65, 86, 70, 66, 55, 37, 42, 14, 70, 7, 59, 60, 1, 68, 65, 94, 84, 63, 68, 30, 42, 70, 49, 2, 24, 76, 32, 19, 92, 34, 64, 39, 100, 6, 89, 61, 97, 65, 35, 60, 51, 4, 94, 74, 85, 47, 4, 94, 27, 6, 33, 53, 12, 41, 73, 71, 48, 5, 80, 66, 79, 30, 1, 35, 30, 36, 87, 72, 77, 41, 91, 52, 71, 74, 98, 30, 15, 56, 18, 68, 79, 15, 21, 14, 81, 94, 29, 93, 83, 100, 70, 65, 35, 19, 58, 34, 56, 73, 90, 93, 64, 31, 92, 86, 76, 18, 56, 64, 59, 42, 60, 94, 15, 73, 85, 44, 35, 55, 17, 

9, 10, 36, 87, 53, 62, 59, 46, 14, 3, 96, 90, 83, 4, 6, 89, 11, 36, 32, 84, 74, 87, 38, 28, 50, 4, 25, 18, 13, 23, 27, 16, 97, 99, 28, 43, 2, 15, 48, 13, 97, 63, 93, 43, 46, 52, 85, 15, 94, 57, 73, 38, 16, 22, 47, 36, 23, 75, 13, 57, 70, 69, 77, 9, 88, 58, 59, 64, 100, 72, 60, 94, 93, 62, 15, 48, 15, 91, 7, 99, 68, 9, 16, 99, 41, 73, 18, 89, 82, 62, 43, 97, 55, 31, 20, 1, 34, 55, 28, 16, 27, 40, 72, 97, 71, 52, 48, 7, 1, 79, 15, 33, 99, 45, 73, 91, 72, 35, 62, 46, 91, 83, 72, 15, 79, 19, 80, 58, 

27, 67, 69, 98, 65, 34, 99, 85, 46, 84, 73, 89, 70, 23, 16, 60, 89, 88, 36, 38, 35, 7, 11, 37, 87, 77, 69, 26, 13, 85, 40, 66, 91, 16, 3, 40, 4, 82, 13, 21, 8, 16, 67, 100, 8, 86, 66, 41, 10, 85, 37, 8, 60, 81, 40, 47, 49, 16, 72, 26, 64, 16, 100, 40, 6, 12, 85, 61, 70, 74, 20, 91, 10, 88, 65, 51, 25, 14, 5, 59, 77, 7, 30, 27, 5, 2, 44, 87, 43, 50, 40, 70, 65, 84, 52, 40, 1, 45, 24, 79, 92, 10, 31, 56, 45, 34, 53, 73, 43, 9, 45, 21, 61, 51, 75, 77, 99, 59, 51, 26, 73, 72, 21, 84, 22, 8, 66, 93, 

63, 36, 52, 59, 71, 56, 64, 94, 94, 15, 44, 71, 76, 15, 41, 19, 26, 9, 36, 29, 24, 4, 45, 51, 48, 14, 46, 88, 60, 36, 11, 6, 28, 87, 22, 63, 52, 5, 12, 66, 1, 36, 63, 57, 46, 49, 39, 2, 7, 65, 27, 8, 42, 47, 77, 10, 66, 83, 39, 93, 22, 40, 13, 55, 64, 30, 96, 5, 42, 72, 32, 12, 51, 62, 69, 34, 94, 100, 47, 45, 94, 7, 53, 83, 17, 74, 16, 34, 75, 80, 59, 72, 8, 95, 81, 47, 18, 64, 26, 74, 21, 36, 78, 65, 56, 4, 50, 54, 99, 15, 71, 66, 45, 19, 6, 98, 13, 4, 43, 12, 88, 32, 43, 47, 28, 63, 52, 7, 

67, 70, 78, 69, 41, 6, 49, 92, 63, 25, 58, 46, 96, 12, 98, 46, 87, 85, 1, 35, 48, 65, 17, 4, 8, 86, 92, 42, 79, 33, 80, 85, 92, 61, 98, 93, 37, 69, 44, 70, 71, 24, 99, 9, 70, 8, 32, 70, 13, 49, 20, 75, 67, 10, 50, 82, 17, 69, 6, 60, 60, 75, 33, 5, 30, 1, 17, 81, 14, 9, 97, 74, 20, 52, 86, 52, 83, 80, 73, 81, 62, 66, 1, 6, 6, 90, 3, 53, 81, 29, 8, 63, 37, 97, 79, 39, 13, 21, 26, 15, 82, 56, 54, 77, 59, 31, 15, 81, 35, 46, 95, 17, 22, 100, 79, 20, 52, 44, 71, 9, 65, 18, 36, 8, 43, 85, 8, 16, 

65, 47, 83, 44, 86, 80, 44, 96, 81, 40, 24, 81, 58, 28, 42, 75, 53, 42, 15, 41, 13, 69, 4, 96, 63, 7, 88, 28, 31, 28, 100, 20, 54, 100, 39, 31, 81, 95, 30, 53, 84, 68, 44, 26, 10, 44, 37, 89, 39, 9, 91, 39, 24, 54, 1, 33, 49, 67, 83, 59, 71, 61, 55, 63, 63, 58, 54, 52, 74, 37, 10, 69, 68, 93, 34, 25, 42, 52, 25, 42, 18, 71, 67, 50, 3, 34, 99, 69, 36, 100, 31, 7, 68, 77, 64, 89, 13, 87, 63, 51, 1, 28, 61, 79, 20, 27, 62, 84, 25, 1, 81, 8, 24, 61, 80, 37, 62, 88, 6, 42, 63, 44, 33, 74, 19, 87, 3, 35, 

81, 54, 86, 96, 87, 64, 54, 43, 43, 14, 36, 12, 70, 20, 27, 74, 62, 66, 31, 61, 37, 24, 40, 78, 25, 19, 69, 64, 33, 92, 99, 9, 20, 69, 62, 86, 83, 40, 59, 13, 89, 37, 67, 43, 83, 82, 95, 77, 29, 41, 49, 16, 12, 17, 12, 53, 53, 80, 97, 18, 69, 56, 61, 67, 22, 16, 33, 4, 87, 30, 99, 81, 68, 10, 15, 57, 67, 81, 30, 49, 47, 16, 51, 92, 64, 32, 28, 5, 28, 44, 68, 97, 89, 62, 66, 84, 76, 60, 23, 10, 52, 24, 14, 90, 23, 52, 78, 25, 8, 57, 11, 64, 29, 2, 76, 41, 69, 21, 7, 7, 56, 10, 43, 21, 97, 85, 100, 54, 

31, 72, 3, 96, 31, 98, 44, 17, 75, 79, 32, 25, 51, 30, 59, 18, 29, 92, 27, 38, 84, 88, 45, 28, 86, 51, 36, 7, 6, 74, 80, 97, 63, 4, 67, 11, 46, 31, 67, 44, 72, 42, 35, 11, 14, 97, 47, 68, 14, 15, 25, 46, 82, 20, 84, 57, 49, 71, 17, 84, 83, 13, 90, 93, 24, 89, 25, 41, 20, 28, 55, 34, 92, 27, 21, 1, 63, 7, 85, 75, 96, 44, 25, 90, 2, 29, 40, 88, 13, 1, 77, 38, 10, 6, 12, 12, 37, 45, 64, 33, 78, 82, 59, 72, 46, 83, 36, 46, 44, 2, 89, 54, 60, 87, 19, 47, 29, 30, 73, 56, 23, 12, 57, 34, 17, 74, 18, 5, 

79, 79, 86, 6, 78, 69, 92, 4, 38, 53, 56, 1, 58, 89, 61, 16, 10, 25, 68, 38, 72, 5, 40, 67, 68, 17, 91, 50, 71, 48, 42, 73, 46, 27, 36, 62, 69, 91, 69, 86, 65, 85, 50, 43, 65, 90, 3, 22, 69, 81, 62, 23, 62, 14, 24, 16, 19, 38, 60, 95, 34, 84, 9, 81, 95, 50, 80, 46, 77, 53, 64, 21, 24, 43, 8, 32, 8, 61, 60, 4, 51, 63, 56, 31, 57, 19, 34, 24, 83, 72, 70, 30, 12, 51, 73, 20, 79, 8, 37, 92, 1, 5, 88, 13, 53, 5, 50, 12, 54, 96, 92, 36, 100, 21, 3, 90, 13, 19, 89, 16, 38, 76, 82, 64, 16, 92, 77, 37, 

75, 96, 52, 80, 93, 32, 23, 61, 91, 85, 26, 76, 28, 97, 12, 5, 91, 19, 65, 97, 64, 32, 31, 78, 51, 51, 94, 56, 27, 53, 15, 61, 48, 98, 69, 24, 74, 27, 17, 73, 73, 38, 3, 25, 25, 88, 77, 95, 78, 43, 3, 4, 90, 25, 73, 95, 29, 91, 26, 79, 28, 45, 4, 90, 66, 72, 23, 34, 72, 55, 18, 73, 15, 16, 81, 67, 11, 24, 27, 78, 18, 54, 80, 31, 89, 47, 98, 67, 76, 50, 64, 40, 86, 17, 58, 95, 52, 47, 32, 46, 52, 59, 22, 47, 83, 88, 42, 49, 66, 90, 34, 86, 60, 86, 48, 68, 69, 100, 57, 28, 54, 86, 99, 79, 49, 57, 31, 52, 

13, 99, 39, 31, 88, 13, 26, 98, 23, 14, 93, 7, 18, 58, 12, 30, 60, 29, 36, 51, 38, 79, 5, 59, 15, 72, 46, 23, 49, 26, 6, 69, 1, 3, 94, 34, 42, 26, 55, 78, 61, 11, 91, 77, 25, 76, 77, 8, 23, 36, 24, 22, 6, 30, 30, 65, 90, 14, 34, 3, 8, 75, 5, 20, 19, 51, 87, 40, 49, 18, 67, 49, 35, 4, 16, 28, 56, 95, 57, 83, 58, 68, 20, 66, 70, 66, 80, 58, 83, 10, 10, 67, 51, 10, 19, 6, 4, 77, 94, 12, 37, 58, 45, 5, 38, 88, 93, 26, 38, 13, 20, 40, 80, 58, 76, 79, 35, 91, 56, 67, 34, 72, 56, 25, 48, 84, 45, 10, 

84, 60, 86, 14, 93, 91, 88, 7, 74, 16, 55, 35, 48, 52, 1, 56, 43, 65, 73, 3, 36, 18, 39, 43, 86, 70, 59, 53, 80, 15, 67, 86, 44, 64, 80, 59, 79, 59, 25, 49, 67, 10, 7, 57, 38, 48, 72, 88, 46, 64, 15, 50, 9, 1, 95, 57, 32, 52, 53, 41, 37, 50, 37, 24, 7, 5, 89, 44, 85, 40, 82, 3, 17, 37, 40, 87, 43, 12, 30, 29, 33, 63, 4, 7, 22, 65, 36, 14, 22, 62, 95, 83, 10, 79, 44, 98, 20, 92, 52, 91, 49, 89, 91, 51, 51, 32, 46, 26, 57, 85, 49, 76, 75, 13, 92, 89, 5, 19, 1, 15, 71, 66, 47, 86, 60, 61, 76, 78, 

90, 60, 30, 7, 86, 68, 47, 68, 75, 54, 36, 92, 29, 6, 6, 10, 77, 20, 42, 60, 65, 34, 86, 78, 24, 43, 88, 92, 69, 52, 92, 72, 65, 46, 51, 52, 62, 66, 46, 36, 78, 53, 23, 18, 66, 71, 14, 71, 63, 6, 56, 100, 52, 1, 65, 86, 17, 32, 27, 37, 32, 64, 73, 53, 94, 75, 52, 55, 18, 22, 3, 50, 91, 60, 54, 78, 52, 1, 45, 73, 22, 3, 40, 31, 100, 47, 63, 8, 72, 24, 77, 56, 51, 85, 42, 43, 44, 86, 75, 22, 19, 76, 30, 29, 2, 50, 21, 50, 34, 33, 97, 86, 4, 15, 18, 89, 69, 77, 16, 39, 37, 62, 46, 84, 2, 85, 62, 52, 

52, 41, 31, 85, 32, 37, 43, 11, 95, 44, 16, 30, 70, 47, 85, 64, 50, 97, 92, 83, 75, 11, 71, 12, 91, 7, 45, 9, 97, 53, 52, 71, 47, 34, 62, 59, 42, 53, 17, 13, 3, 67, 49, 100, 2, 8, 26, 47, 20, 98, 50, 54, 5, 66, 9, 16, 70, 69, 35, 38, 59, 26, 9, 37, 51, 38, 32, 17, 68, 71, 89, 47, 39, 46, 89, 82, 84, 22, 20, 14, 40, 61, 79, 36, 97, 56, 46, 18, 3, 88, 91, 64, 18, 48, 41, 20, 88, 43, 23, 68, 38, 50, 92, 58, 56, 27, 54, 52, 31, 16, 12, 57, 31, 50, 1, 36, 80, 64, 65, 94, 70, 47, 60, 26, 81, 34, 18, 54, 

50, 96, 24, 31, 21, 42, 80, 53, 85, 16, 72, 9, 66, 71, 2, 49, 81, 43, 82, 45, 2, 51, 67, 28, 77, 92, 79, 46, 21, 15, 88, 59, 66, 98, 59, 59, 78, 72, 53, 8, 73, 19, 63, 9, 23, 12, 56, 88, 100, 23, 51, 99, 9, 4, 52, 57, 59, 30, 51, 24, 33, 6, 18, 14, 36, 51, 99, 4, 47, 57, 11, 96, 92, 64, 7, 87, 13, 86, 11, 4, 65, 8, 68, 57, 38, 61, 53, 29, 49, 41, 60, 29, 33, 4, 28, 43, 93, 4, 20, 53, 6, 44, 47, 12, 18, 98, 41, 100, 34, 10, 16, 15, 60, 41, 49, 25, 58, 89, 81, 63, 44, 2, 86, 25, 93, 2, 80, 84, 

18, 94, 16, 89, 49, 99, 35, 89, 18, 92, 93, 29, 64, 80, 32, 51, 40, 92, 81, 2, 31, 98, 25, 37, 100, 58, 38, 25, 33, 36, 77, 38, 93, 13, 42, 30, 91, 66, 34, 30, 2, 52, 68, 68, 90, 36, 2, 92, 59, 89, 7, 91, 6, 25, 38, 49, 17, 25, 65, 90, 97, 4, 15, 97, 29, 29, 82, 98, 75, 54, 25, 65, 30, 50, 6, 22, 6, 92, 32, 4, 63, 16, 22, 86, 2, 74, 70, 41, 100, 52, 59, 82, 22, 83, 18, 15, 77, 81, 99, 20, 97, 49, 33, 96, 49, 7, 76, 95, 22, 78, 54, 80, 85, 52, 97, 100, 34, 72, 30, 7, 23, 7, 84, 85, 44, 90, 59, 3, 

57, 73, 34, 28, 44, 40, 33, 65, 48, 38, 6, 77, 3, 83, 58, 37, 97, 44, 80, 73, 17, 12, 33, 66, 73, 76, 37, 24, 93, 3, 70, 23, 11, 97, 1, 66, 14, 51, 34, 57, 58, 53, 66, 64, 55, 65, 37, 56, 86, 4, 46, 85, 89, 43, 78, 80, 82, 70, 54, 48, 51, 40, 66, 39, 92, 1, 92, 55, 63, 95, 99, 1, 28, 20, 56, 30, 97, 90, 44, 80, 26, 47, 87, 16, 89, 48, 100, 29, 3, 34, 77, 90, 81, 9, 13, 33, 55, 50, 25, 16, 7, 42, 3, 62, 92, 95, 62, 56, 32, 18, 53, 74, 79, 52, 73, 95, 76, 93, 97, 71, 47, 12, 49, 100, 100, 25, 3, 96, 

52, 83, 74, 38, 10, 75, 90, 24, 39, 68, 21, 10, 40, 60, 57, 11, 6, 56, 36, 58, 86, 17, 90, 78, 91, 37, 16, 28, 55, 74, 28, 69, 77, 53, 22, 74, 30, 8, 90, 100, 89, 65, 91, 73, 59, 49, 29, 27, 80, 32, 79, 6, 44, 88, 60, 11, 19, 44, 57, 73, 26, 53, 90, 25, 74, 87, 49, 17, 94, 5, 46, 17, 50, 90, 48, 43, 47, 61, 47, 39, 93, 53, 75, 63, 37, 65, 48, 8, 26, 89, 2, 38, 28, 52, 57, 47, 45, 69, 43, 39, 30, 12, 93, 21, 1, 69, 19, 94, 49, 100, 35, 3, 11, 23, 34, 22, 79, 11, 80, 27, 86, 37, 96, 33, 42, 87, 39, 84, 

78, 29, 90, 85, 78, 77, 5, 98, 59, 21, 12, 53, 70, 77, 33, 37, 11, 83, 3, 15, 3, 29, 62, 79, 58, 31, 37, 56, 90, 10, 36, 46, 11, 49, 94, 31, 20, 57, 91, 11, 53, 12, 76, 55, 55, 24, 87, 85, 100, 29, 69, 100, 44, 32, 17, 3, 93, 45, 86, 100, 49, 99, 74, 59, 3, 94, 3, 38, 67, 93, 60, 29, 80, 92, 96, 52, 18, 28, 5, 18, 36, 19, 3, 58, 1, 76, 28, 26, 50, 36, 2, 22, 67, 1, 52, 21, 91, 42, 86, 81, 92, 66, 96, 71, 5, 58, 22, 69, 11, 58, 4, 74, 1, 94, 1, 33, 35, 80, 84, 62, 13, 54, 44, 39, 96, 85, 76, 1, 

90, 64, 58, 8, 1, 35, 57, 56, 75, 74, 71, 60, 9, 88, 63, 71, 9, 94, 81, 93, 66, 59, 42, 45, 97, 27, 34, 98, 46, 94, 38, 70, 81, 49, 90, 28, 59, 9, 67, 2, 43, 89, 14, 13, 7, 24, 50, 38, 9, 18, 9, 59, 74, 59, 45, 85, 14, 49, 51, 15, 79, 74, 55, 29, 71, 97, 9, 89, 92, 87, 32, 45, 63, 86, 78, 91, 38, 60, 73, 95, 88, 72, 78, 8, 20, 16, 88, 54, 13, 10, 36, 97, 94, 12, 30, 7, 52, 3, 16, 26, 30, 52, 50, 69, 33, 78, 5, 79, 4, 94, 91, 34, 12, 75, 79, 33, 79, 52, 38, 36, 38, 94, 79, 65, 41, 14, 16, 80, 

54, 5, 39, 2, 91, 67, 100, 78, 92, 6, 75, 77, 4, 60, 83, 29, 2, 26, 9, 9, 99, 39, 60, 1, 14, 30, 38, 75, 56, 58, 88, 82, 86, 83, 8, 64, 20, 3, 6, 10, 14, 63, 20, 18, 92, 20, 29, 79, 14, 27, 53, 54, 21, 19, 60, 59, 80, 59, 91, 61, 37, 99, 28, 57, 66, 72, 37, 55, 52, 91, 56, 13, 75, 100, 9, 35, 77, 100, 58, 87, 3, 2, 3, 28, 95, 25, 79, 49, 99, 80, 54, 59, 5, 13, 90, 33, 6, 62, 60, 41, 12, 79, 70, 78, 69, 32, 88, 97, 66, 21, 99, 82, 83, 98, 68, 39, 100, 29, 5, 29, 4, 68, 53, 25, 43, 20, 41, 99, 

38, 88, 52, 27, 12, 1, 58, 57, 16, 9, 15, 2, 45, 51, 73, 47, 47, 60, 48, 49, 62, 91, 8, 27, 88, 89, 29, 59, 61, 81, 46, 19, 52, 1, 50, 17, 33, 27, 54, 62, 65, 51, 11, 13, 61, 22, 81, 39, 100, 76, 24, 3, 94, 73, 87, 11, 65, 9, 85, 8, 12, 89, 61, 29, 43, 72, 44, 100, 76, 13, 65, 25, 80, 48, 62, 79, 91, 92, 97, 96, 55, 36, 96, 82, 36, 79, 13, 13, 36, 71, 54, 58, 3, 66, 42, 91, 14, 38, 16, 35, 2, 28, 20, 16, 45, 11, 69, 16, 24, 45, 72, 42, 4, 77, 33, 18, 77, 32, 36, 51, 96, 75, 40, 25, 69, 68, 38, 90, 

88, 25, 54, 76, 14, 72, 83, 78, 1, 88, 18, 70, 76, 75, 11, 67, 68, 3, 76, 48, 6, 10, 77, 88, 79, 54, 46, 75, 12, 55, 75, 6, 94, 21, 56, 86, 90, 87, 75, 61, 6, 15, 87, 17, 97, 50, 96, 43, 25, 38, 89, 21, 24, 47, 80, 33, 45, 65, 33, 58, 26, 59, 76, 48, 30, 36, 45, 81, 57, 58, 38, 46, 44, 87, 29, 97, 85, 6, 89, 13, 9, 27, 5, 8, 95, 11, 66, 98, 70, 92, 15, 40, 4, 42, 71, 100, 54, 25, 48, 14, 68, 95, 73, 51, 55, 20, 62, 27, 59, 54, 9, 32, 87, 76, 17, 83, 11, 10, 36, 30, 89, 3, 71, 27, 35, 11, 35, 7, 

96, 73, 38, 92, 5, 75, 90, 19, 38, 73, 78, 53, 81, 27, 17, 75, 30, 56, 70, 54, 47, 90, 45, 35, 97, 72, 52, 41, 20, 74, 89, 69, 68, 86, 64, 66, 39, 63, 12, 87, 80, 41, 72, 82, 58, 14, 4, 59, 10, 28, 14, 91, 31, 36, 55, 23, 31, 79, 73, 89, 86, 35, 62, 93, 74, 37, 16, 63, 95, 30, 17, 76, 70, 45, 81, 46, 58, 95, 40, 6, 56, 62, 31, 35, 96, 17, 89, 50, 54, 77, 93, 87, 100, 7, 8, 75, 64, 17, 4, 67, 84, 10, 76, 52, 80, 15, 80, 68, 85, 65, 19, 10, 37, 83, 70, 32, 94, 54, 91, 52, 27, 68, 9, 85, 21, 1, 94, 53, 

29, 14, 95, 62, 76, 51, 10, 8, 77, 23, 85, 5, 95, 59, 63, 89, 64, 25, 90, 18, 26, 100, 96, 24, 81, 12, 97, 39, 29, 22, 88, 71, 14, 90, 80, 33, 34, 41, 54, 3, 51, 35, 80, 20, 94, 66, 80, 70, 29, 97, 54, 50, 28, 57, 28, 23, 14, 27, 79, 2, 30, 34, 22, 64, 3, 79, 95, 39, 60, 41, 9, 8, 55, 47, 48, 49, 37, 76, 77, 82, 21, 98, 31, 41, 31, 48, 55, 64, 24, 32, 91, 100, 73, 72, 90, 91, 79, 50, 7, 22, 57, 45, 29, 27, 66, 25, 21, 17, 39, 91, 12, 15, 17, 93, 43, 84, 55, 68, 89, 20, 5, 94, 84, 94, 10, 97, 94, 84, 

50, 59, 60, 73, 9, 45, 39, 12, 38, 23, 65, 28, 40, 9, 37, 39, 83, 97, 78, 7, 27, 29, 89, 18, 25, 3, 31, 25, 31, 14, 68, 52, 86, 63, 60, 28, 92, 70, 45, 86, 23, 34, 4, 71, 28, 66, 81, 8, 67, 54, 58, 70, 87, 8, 36, 72, 90, 76, 25, 56, 49, 84, 99, 15, 84, 38, 94, 79, 3, 61, 9, 21, 46, 96, 89, 71, 24, 26, 53, 33, 48, 54, 81, 58, 77, 92, 60, 40, 87, 99, 24, 64, 23, 66, 29, 99, 7, 95, 77, 61, 72, 89, 52, 68, 44, 15, 34, 68, 10, 16, 6, 4, 16, 64, 84, 96, 84, 76, 77, 44, 97, 94, 21, 79, 7, 56, 55, 26, 

53, 61, 10, 92, 80, 97, 57, 44, 48, 17, 62, 75, 8, 42, 20, 48, 83, 17, 71, 59, 82, 79, 72, 95, 15, 8, 41, 6, 58, 77, 60, 34, 91, 90, 44, 80, 13, 97, 4, 59, 83, 67, 88, 35, 7, 15, 77, 27, 95, 26, 61, 55, 37, 91, 64, 40, 14, 31, 13, 51, 6, 71, 25, 88, 71, 58, 13, 70, 57, 45, 97, 89, 39, 15, 89, 37, 14, 30, 81, 62, 6, 78, 91, 87, 22, 41, 64, 100, 20, 26, 29, 66, 44, 37, 27, 22, 72, 82, 99, 22, 69, 95, 71, 95, 39, 94, 28, 22, 72, 66, 46, 82, 88, 97, 55, 66, 87, 64, 30, 26, 6, 8, 5, 14, 79, 99, 49, 48, 

5, 13, 69, 26, 21, 20, 9, 20, 18, 18, 5, 93, 59, 69, 49, 100, 21, 96, 64, 14, 29, 84, 9, 17, 9, 75, 35, 23, 20, 5, 56, 80, 36, 8, 43, 50, 83, 15, 32, 72, 22, 2, 97, 82, 52, 48, 59, 58, 2, 34, 60, 98, 24, 10, 47, 85, 6, 34, 63, 84, 79, 33, 58, 44, 10, 62, 95, 58, 53, 77, 97, 9, 66, 69, 14, 45, 43, 13, 51, 3, 48, 98, 47, 60, 27, 52, 87, 25, 81, 30, 10, 48, 70, 49, 1, 98, 71, 95, 97, 72, 43, 100, 40, 62, 27, 21, 40, 27, 12, 87, 15, 35, 25, 71, 90, 11, 14, 11, 53, 77, 69, 82, 32, 70, 93, 58, 50, 51, 

52, 38, 41, 52, 32, 69, 37, 6, 52, 51, 43, 27, 28, 18, 34, 42, 75, 53, 20, 38, 46, 9, 11, 10, 11, 18, 7, 46, 22, 14, 38, 65, 4, 11, 90, 22, 10, 24, 26, 6, 76, 26, 9, 42, 22, 31, 66, 2, 100, 51, 78, 50, 45, 28, 40, 8, 88, 3, 80, 59, 43, 22, 43, 64, 92, 79, 98, 92, 8, 84, 90, 27, 9, 64, 76, 39, 99, 82, 8, 85, 63, 61, 33, 89, 44, 43, 8, 100, 33, 82, 18, 38, 89, 16, 40, 28, 91, 14, 77, 70, 41, 35, 4, 24, 52, 49, 100, 100, 33, 76, 74, 54, 62, 34, 61, 96, 99, 37, 64, 36, 56, 36, 77, 73, 40, 47, 3, 61, 

57, 90, 12, 62, 24, 63, 49, 36, 92, 54, 29, 79, 34, 43, 40, 58, 5, 17, 68, 100, 85, 72, 25, 84, 78, 73, 58, 93, 2, 27, 35, 38, 86, 41, 54, 71, 48, 61, 11, 11, 71, 34, 52, 39, 21, 67, 27, 16, 24, 99, 3, 60, 16, 77, 18, 54, 59, 58, 91, 15, 11, 91, 39, 21, 86, 61, 20, 14, 62, 4, 98, 22, 31, 55, 19, 99, 22, 7, 66, 46, 39, 86, 55, 1, 19, 69, 77, 14, 83, 39, 47, 94, 72, 83, 14, 95, 89, 7, 42, 83, 78, 68, 12, 68, 90, 79, 91, 55, 75, 44, 93, 72, 9, 3, 21, 42, 55, 12, 62, 23, 76, 13, 56, 71, 58, 19, 40, 48, 

69, 82, 40, 80, 15, 71, 5, 64, 13, 12, 34, 73, 7, 83, 20, 96, 73, 6, 58, 1, 44, 60, 88, 45, 38, 8, 4, 92, 33, 74, 50, 41, 99, 79, 60, 94, 52, 39, 25, 44, 45, 69, 11, 76, 27, 49, 99, 42, 75, 56, 90, 14, 77, 34, 83, 32, 13, 42, 95, 84, 74, 62, 14, 70, 57, 9, 77, 91, 8, 84, 18, 18, 10, 92, 22, 18, 11, 38, 43, 39, 12, 75, 52, 15, 5, 92, 2, 94, 82, 35, 27, 9, 86, 34, 77, 31, 71, 23, 34, 64, 53, 64, 23, 79, 65, 72, 28, 59, 40, 18, 8, 37, 93, 60, 22, 64, 96, 96, 57, 35, 99, 54, 25, 49, 14, 44, 7, 75, 

63, 25, 33, 41, 23, 48, 94, 99, 57, 52, 21, 22, 97, 73, 53, 90, 71, 14, 91, 83, 95, 54, 31, 77, 15, 40, 85, 58, 24, 14, 26, 18, 99, 56, 11, 4, 98, 36, 89, 30, 77, 36, 60, 44, 2, 21, 79, 54, 8, 57, 80, 23, 91, 9, 41, 88, 62, 41, 96, 87, 38, 35, 60, 6, 75, 33, 68, 15, 50, 13, 60, 62, 34, 24, 64, 72, 21, 60, 20, 56, 44, 60, 12, 89, 51, 3, 5, 72, 93, 87, 85, 38, 35, 36, 38, 3, 38, 23, 90, 20, 49, 41, 23, 25, 28, 78, 95, 44, 64, 37, 54, 80, 5, 90, 57, 42, 44, 13, 30, 9, 92, 92, 94, 13, 48, 77, 20, 88, 

82, 33, 88, 3, 47, 16, 68, 60, 5, 43, 57, 65, 3, 99, 75, 48, 97, 13, 20, 100, 27, 94, 47, 77, 32, 26, 21, 31, 70, 39, 33, 68, 74, 66, 32, 78, 1, 90, 46, 47, 28, 63, 98, 25, 37, 19, 81, 52, 51, 52, 87, 63, 48, 18, 14, 64, 62, 5, 57, 83, 47, 66, 3, 36, 62, 6, 84, 64, 22, 21, 8, 10, 47, 75, 77, 16, 51, 30, 19, 62, 82, 41, 24, 35, 82, 74, 55, 94, 7, 26, 18, 60, 53, 71, 22, 93, 19, 21, 61, 88, 85, 5, 1, 78, 13, 10, 75, 2, 83, 39, 81, 60, 84, 88, 4, 76, 68, 100, 69, 2, 55, 39, 22, 15, 2, 79, 35, 6, 

12, 56, 19, 63, 27, 11, 44, 29, 13, 40, 73, 4, 62, 27, 39, 40, 90, 50, 86, 84, 95, 33, 14, 21, 17, 49, 20, 89, 25, 10, 92, 98, 64, 96, 37, 32, 83, 57, 37, 78, 33, 56, 12, 32, 21, 87, 92, 82, 28, 37, 41, 70, 25, 47, 53, 57, 13, 72, 34, 96, 3, 85, 80, 30, 98, 83, 82, 52, 53, 93, 69, 95, 37, 44, 76, 45, 57, 66, 2, 51, 61, 63, 95, 86, 4, 12, 89, 40, 84, 1, 58, 62, 66, 55, 18, 20, 7, 4, 17, 18, 24, 13, 38, 19, 49, 52, 38, 18, 77, 54, 96, 73, 49, 85, 94, 31, 27, 94, 80, 65, 45, 92, 1, 11, 62, 16, 99, 23, 

51, 26, 36, 5, 6, 48, 39, 27, 6, 55, 80, 53, 14, 80, 53, 83, 89, 40, 82, 87, 76, 77, 55, 10, 36, 13, 90, 94, 76, 31, 1, 89, 39, 97, 10, 86, 4, 73, 73, 40, 43, 60, 42, 27, 89, 37, 29, 90, 55, 72, 54, 99, 47, 98, 73, 47, 88, 91, 92, 13, 44, 73, 12, 58, 35, 56, 63, 1, 23, 90, 2, 84, 76, 73, 49, 32, 5, 85, 77, 81, 43, 38, 25, 21, 97, 71, 54, 75, 52, 32, 93, 76, 18, 13, 41, 75, 82, 11, 45, 26, 19, 25, 78, 97, 30, 89, 40, 90, 56, 52, 73, 2, 20, 58, 33, 45, 96, 41, 35, 74, 38, 29, 85, 34, 12, 58, 11, 49, 

54, 6, 43, 29, 75, 94, 11, 6, 28, 17, 42, 83, 87, 55, 84, 86, 51, 78, 91, 99, 42, 18, 21, 34, 36, 41, 40, 81, 77, 96, 64, 9, 90, 71, 26, 68, 22, 9, 19, 83, 52, 54, 49, 6, 53, 87, 59, 9, 84, 95, 52, 10, 55, 25, 28, 1, 26, 78, 93, 74, 22, 60, 36, 11, 9, 53, 41, 90, 66, 95, 48, 81, 46, 4, 16, 6, 47, 89, 74, 73, 19, 48, 27, 66, 21, 26, 55, 18, 47, 9, 87, 48, 8, 99, 45, 90, 77, 5, 85, 8, 8, 38, 51, 72, 80, 36, 47, 86, 31, 60, 59, 2, 4, 28, 39, 15, 15, 95, 80, 85, 36, 89, 23, 50, 65, 72, 6, 26, 

32, 51, 87, 39, 82, 6, 34, 82, 82, 88, 55, 59, 69, 35, 48, 19, 32, 45, 44, 11, 60, 25, 40, 31, 70, 28, 75, 54, 80, 14, 51, 96, 13, 13, 79, 79, 1, 39, 24, 57, 48, 28, 76, 70, 79, 72, 24, 70, 28, 26, 38, 99, 97, 76, 17, 37, 84, 86, 57, 90, 31, 81, 11, 44, 74, 46, 97, 37, 81, 91, 64, 16, 62, 40, 20, 38, 16, 85, 52, 77, 49, 85, 27, 2, 4, 55, 31, 11, 64, 49, 20, 10, 34, 91, 2, 88, 18, 4, 68, 94, 6, 28, 61, 3, 32, 43, 60, 69, 52, 86, 49, 84, 2, 16, 11, 31, 17, 18, 88, 29, 88, 95, 93, 62, 71, 97, 16, 54, 

65, 57, 24, 51, 89, 82, 78, 50, 85, 19, 77, 62, 98, 19, 56, 42, 82, 81, 81, 15, 87, 88, 65, 52, 54, 62, 58, 13, 31, 82, 31, 78, 20, 14, 7, 67, 14, 48, 93, 60, 94, 39, 33, 32, 69, 83, 61, 29, 36, 94, 39, 48, 8, 34, 68, 28, 1, 66, 7, 59, 48, 91, 50, 34, 89, 41, 91, 26, 80, 38, 2, 53, 39, 52, 78, 39, 43, 67, 34, 94, 97, 40, 98, 47, 6, 27, 61, 8, 42, 34, 42, 62, 33, 76, 24, 61, 97, 70, 58, 57, 99, 41, 73, 89, 24, 91, 74, 94, 83, 95, 32, 85, 79, 50, 21, 3, 94, 99, 68, 49, 87, 63, 27, 35, 28, 3, 5, 95, 

79, 47, 91, 78, 88, 68, 50, 9, 14, 6, 51, 65, 75, 82, 98, 33, 35, 16, 60, 1, 18, 54, 4, 25, 30, 13, 4, 70, 86, 37, 55, 45, 76, 96, 40, 35, 94, 11, 53, 89, 22, 5, 99, 44, 21, 46, 79, 66, 24, 15, 65, 81, 18, 79, 18, 97, 11, 47, 100, 73, 52, 67, 51, 25, 27, 70, 59, 78, 54, 53, 98, 27, 95, 68, 87, 99, 81, 93, 23, 60, 86, 33, 25, 56, 48, 10, 76, 68, 37, 72, 17, 46, 55, 18, 1, 46, 67, 27, 44, 72, 12, 55, 56, 23, 61, 33, 41, 75, 7, 66, 43, 86, 21, 11, 70, 67, 23, 73, 74, 39, 1, 11, 39, 47, 52, 24, 72, 41, 

78, 93, 69, 58, 63, 91, 72, 12, 56, 90, 20, 90, 26, 85, 72, 11, 24, 70, 66, 37, 12, 12, 58, 48, 44, 11, 30, 13, 100, 18, 74, 21, 87, 5, 26, 62, 97, 76, 24, 32, 33, 19, 4, 3, 88, 41, 39, 90, 7, 53, 37, 15, 29, 62, 32, 34, 48, 87, 36, 38, 61, 57, 19, 13, 15, 83, 62, 15, 19, 99, 46, 6, 5, 91, 95, 92, 10, 39, 1, 50, 54, 64, 70, 26, 41, 63, 15, 92, 34, 76, 12, 31, 55, 15, 63, 47, 33, 100, 79, 61, 35, 75, 63, 95, 98, 42, 54, 61, 35, 20, 3, 64, 38, 52, 91, 67, 31, 2, 81, 7, 26, 43, 92, 88, 37, 47, 78, 81, 

11, 92, 62, 93, 81, 66, 41, 94, 50, 68, 52, 83, 65, 33, 36, 88, 3, 55, 24, 58, 95, 70, 27, 29, 52, 33, 55, 7, 51, 52, 66, 18, 99, 56, 85, 65, 89, 82, 62, 21, 18, 27, 98, 90, 86, 65, 43, 43, 3, 32, 55, 55, 2, 61, 27, 57, 78, 20, 49, 74, 26, 36, 92, 78, 55, 56, 54, 2, 75, 65, 94, 71, 32, 15, 80, 81, 66, 99, 79, 60, 25, 92, 30, 48, 22, 59, 12, 62, 57, 78, 70, 98, 22, 97, 54, 98, 23, 86, 35, 26, 58, 59, 18, 52, 10, 40, 81, 94, 50, 15, 53, 37, 99, 57, 42, 6, 67, 82, 94, 51, 20, 57, 69, 71, 40, 56, 10, 68, 

13, 8, 74, 21, 36, 46, 81, 79, 98, 84, 32, 44, 94, 22, 14, 78, 44, 91, 28, 90, 41, 49, 28, 98, 68, 23, 28, 79, 97, 74, 61, 20, 95, 38, 44, 1, 33, 3, 38, 20, 97, 74, 95, 22, 44, 1, 93, 86, 52, 19, 96, 42, 35, 16, 85, 27, 27, 92, 87, 57, 62, 39, 72, 100, 68, 89, 91, 18, 98, 46, 6, 11, 99, 17, 97, 18, 11, 81, 71, 49, 68, 14, 9, 32, 50, 40, 42, 81, 2, 88, 49, 80, 17, 2, 6, 17, 85, 77, 16, 8, 58, 4, 49, 81, 8, 82, 60, 10, 48, 8, 83, 10, 81, 54, 6, 8, 97, 8, 91, 41, 4, 45, 84, 24, 74, 98, 40, 80, 

33, 3, 91, 32, 13, 40, 6, 95, 37, 91, 83, 23, 53, 43, 63, 11, 32, 37, 61, 67, 40, 87, 65, 88, 17, 25, 77, 41, 14, 63, 89, 6, 71, 63, 67, 56, 17, 31, 66, 99, 72, 42, 64, 62, 80, 55, 26, 3, 52, 43, 94, 78, 60, 51, 56, 83, 12, 66, 73, 14, 63, 12, 81, 64, 43, 71, 72, 96, 51, 85, 88, 53, 73, 33, 44, 55, 77, 33, 100, 55, 41, 99, 27, 13, 97, 8, 76, 67, 16, 14, 87, 19, 13, 10, 66, 59, 26, 3, 9, 99, 20, 47, 28, 42, 40, 100, 2, 17, 36, 90, 40, 75, 35, 3, 76, 34, 32, 50, 70, 87, 70, 44, 63, 76, 97, 44, 24, 11
};

int v[] = {37, 79, 51, 34, 6, 7, 89, 74, 88, 51, 21, 74, 88, 53, 93, 94, 100, 30, 47, 75, 49, 6, 67, 31, 90, 44, 57, 42, 58, 11, 20, 49, 45, 37, 34, 69, 82, 99, 4, 6, 85, 83, 16, 15, 68, 76, 84, 96, 87, 18, 49, 20, 60, 74, 89, 88, 38, 64, 65, 94, 92, 20, 66, 72, 72, 89, 58, 8, 84, 5, 1, 16, 53, 53, 99, 19, 47, 17, 14, 66, 62, 77, 89, 59, 86, 32, 64, 63, 67, 4, 77, 20, 21, 38, 26, 79, 78, 100, 40, 31, 19, 76, 81, 100, 29, 11, 98, 56, 92, 84, 67, 57, 77, 90, 72, 32, 61, 55, 31, 16, 26, 48, 46, 16, 10, 89, 11, 35};

int ref[] = {359660, 310079, 330599, 363599, 297678, 325066, 337636, 372043, 387024, 344108, 334572, 324597, 350798, 380293, 318876, 358786, 334467, 339748, 345642, 323992, 349909, 321642, 372634, 330381, 375749, 370034, 386137, 362061, 302904, 353073, 322053, 383449, 306739, 351364, 328039, 370607, 325621, 353886, 365072, 348041, 321126, 310914, 322938, 311876, 376980, 318485, 350930, 318251, 354446, 348941, 363947, 298728, 330589, 319775, 284959, 348713, 343187, 317301, 338510, 381579, 347012, 357978, 376412, 358887, 343089, 344457, 314696, 349394, 350576, 356019, 345888, 335574, 336221, 364458, 327798, 345071, 330392, 335875, 342151, 344216, 347242, 313887, 364343, 315365, 358935, 376098, 336874, 333309, 317763, 340168, 368070, 340541, 334296, 343393, 405005, 289100, 346012, 356969, 334573, 324702, 361582, 371248, 348310, 332630, 358852, 351738, 333265, 348658, 378801, 353791, 354606, 373901, 323615, 316767, 336482, 338567, 359096, 347138, 350085, 370205, 324030, 336385, 387279, 327354, 346949, 374171, 369655, 328142};