//========================================================================
// Data set for ubmark-dense
//========================================================================

int num_rows = 128;

int arr[] = {
  27, 54, 88, 76, 2, 71, 84, 36, 38, 23, 79, 82, 17, 54, 40, 52, 67, 30, 15, 47, 88, 66, 84, 50, 18, 76, 40, 41, 35, 35, 11, 16, 40, 74, 20, 63, 49, 63, 9, 22, 84, 12, 1, 39, 100, 13, 62, 93, 42, 64, 18, 52, 70, 66, 93, 44, 44, 88, 65, 68, 9, 41, 30, 21, 26, 18, 74, 40, 33, 11, 78, 99, 50, 73, 71, 46, 47, 100, 8, 47, 28, 52, 63, 96, 74, 11, 34, 45, 75, 8, 48, 70, 65, 98, 16, 16, 15, 66, 89, 89, 73, 43, 86, 1, 16, 79, 71, 16, 42, 43, 80, 13, 5, 70, 47, 34, 37, 2, 90, 65, 6, 9, 28, 34, 48, 100, 44, 98, 
  42, 76, 20, 35, 96, 18, 5, 80, 42, 2, 53, 25, 88, 32, 45, 53, 11, 12, 41, 18, 16, 12, 84, 100, 98, 76, 48, 70, 1, 54, 92, 51, 39, 65, 58, 77, 15, 53, 90, 68, 21, 49, 82, 2, 72, 74, 82, 82, 11, 46, 43, 94, 28, 51, 97, 87, 60, 28, 65, 61, 3, 65, 86, 44, 58, 91, 73, 1, 91, 25, 89, 73, 2, 64, 85, 95, 14, 18, 4, 43, 69, 39, 39, 52, 36, 60, 18, 80, 94, 39, 76, 15, 3, 50, 37, 89, 45, 84, 89, 80, 13, 57, 27, 89, 75, 87, 68, 40, 10, 62, 87, 67, 30, 92, 100, 27, 14, 24, 26, 41, 12, 25, 52, 45, 12, 19, 68, 73, 
  59, 55, 19, 47, 5, 69, 19, 77, 66, 67, 88, 19, 90, 84, 52, 37, 87, 68, 37, 55, 59, 91, 87, 15, 86, 83, 60, 77, 59, 12, 28, 15, 28, 72, 77, 48, 93, 17, 85, 4, 41, 2, 96, 95, 95, 15, 40, 25, 31, 71, 52, 59, 24, 18, 96, 32, 75, 31, 8, 7, 91, 83, 20, 66, 14, 64, 75, 20, 62, 74, 27, 4, 79, 52, 76, 72, 15, 23, 67, 21, 100, 54, 16, 66, 62, 17, 7, 78, 59, 35, 73, 1, 64, 55, 51, 3, 64, 69, 62, 17, 14, 34, 22, 45, 54, 52, 18, 82, 75, 96, 2, 16, 34, 3, 93, 91, 14, 7, 94, 100, 3, 95, 91, 11, 96, 28, 57, 71, 
  18, 17, 51, 9, 16, 80, 16, 63, 8, 33, 11, 41, 64, 64, 39, 65, 76, 82, 75, 65, 16, 32, 14, 30, 73, 80, 19, 98, 4, 6, 57, 17, 47, 25, 21, 56, 55, 35, 47, 100, 90, 42, 58, 90, 43, 47, 72, 70, 52, 48, 81, 79, 76, 98, 2, 95, 67, 84, 70, 62, 92, 48, 82, 96, 40, 68, 7, 46, 18, 97, 18, 30, 43, 7, 78, 1, 51, 38, 15, 64, 63, 91, 92, 4, 74, 85, 21, 5, 37, 36, 28, 8, 96, 57, 85, 85, 27, 72, 100, 70, 88, 25, 90, 26, 14, 90, 10, 44, 38, 93, 61, 7, 93, 70, 93, 41, 87, 60, 51, 90, 1, 43, 62, 90, 26, 64, 4, 76, 
  16, 97, 67, 99, 58, 63, 42, 50, 72, 95, 7, 18, 69, 94, 10, 36, 56, 87, 32, 88, 100, 58, 10, 36, 90, 38, 19, 45, 21, 24, 18, 32, 41, 62, 28, 27, 74, 88, 51, 22, 41, 25, 16, 17, 33, 26, 84, 71, 91, 34, 77, 80, 78, 89, 69, 48, 58, 21, 42, 94, 69, 84, 89, 79, 1, 87, 59, 71, 19, 60, 79, 28, 68, 98, 88, 12, 77, 97, 91, 40, 48, 11, 90, 36, 81, 13, 83, 72, 81, 50, 10, 97, 5, 74, 12, 17, 53, 41, 10, 43, 65, 16, 24, 98, 17, 77, 37, 53, 34, 17, 30, 10, 62, 99, 23, 18, 93, 40, 45, 100, 34, 18, 59, 29, 90, 53, 17, 7, 
  29, 79, 14, 53, 50, 75, 63, 3, 3, 35, 63, 45, 6, 13, 80, 64, 14, 25, 53, 37, 93, 72, 44, 51, 30, 70, 81, 85, 93, 3, 30, 8, 51, 54, 91, 19, 28, 31, 37, 23, 42, 32, 15, 83, 37, 60, 2, 93, 3, 36, 99, 90, 60, 29, 47, 1, 23, 85, 19, 49, 95, 46, 40, 19, 94, 85, 52, 88, 34, 58, 42, 1, 12, 4, 59, 72, 12, 60, 39, 49, 96, 71, 74, 87, 67, 9, 92, 89, 35, 30, 50, 3, 46, 2, 14, 76, 78, 98, 36, 70, 83, 20, 22, 71, 77, 95, 49, 89, 22, 29, 13, 96, 45, 38, 16, 55, 47, 4, 35, 8, 61, 64, 17, 15, 96, 79, 44, 28, 
  95, 87, 86, 47, 35, 48, 52, 36, 58, 12, 73, 89, 18, 91, 73, 25, 42, 86, 49, 23, 72, 2, 13, 63, 66, 49, 11, 19, 59, 31, 30, 82, 72, 44, 75, 17, 21, 94, 22, 18, 99, 17, 14, 35, 17, 91, 65, 74, 69, 49, 44, 68, 86, 31, 77, 64, 48, 82, 27, 60, 80, 20, 28, 9, 39, 65, 36, 46, 78, 21, 28, 33, 78, 96, 39, 9, 7, 92, 85, 10, 63, 99, 72, 22, 53, 9, 95, 98, 87, 79, 80, 72, 41, 70, 28, 35, 63, 90, 19, 34, 73, 38, 10, 57, 57, 10, 27, 28, 25, 19, 66, 82, 64, 49, 14, 2, 41, 100, 34, 13, 50, 86, 7, 83, 86, 86, 77, 43, 
  14, 12, 53, 95, 13, 9, 42, 95, 9, 69, 62, 10, 5, 23, 56, 10, 48, 13, 63, 93, 26, 48, 5, 87, 9, 61, 76, 37, 65, 4, 77, 17, 79, 15, 38, 46, 19, 98, 50, 49, 66, 58, 4, 99, 96, 55, 93, 93, 61, 42, 49, 14, 21, 21, 14, 9, 22, 22, 23, 21, 41, 51, 27, 78, 59, 45, 68, 94, 1, 92, 50, 97, 63, 70, 86, 84, 28, 94, 11, 14, 54, 9, 69, 50, 4, 62, 70, 50, 69, 85, 68, 47, 93, 41, 95, 6, 81, 67, 59, 29, 36, 43, 30, 19, 66, 39, 69, 31, 28, 84, 15, 27, 24, 78, 70, 37, 72, 48, 8, 56, 65, 87, 34, 17, 63, 61, 100, 3, 
  13, 9, 99, 91, 17, 93, 19, 8, 48, 59, 24, 1, 64, 7, 10, 16, 74, 23, 71, 63, 68, 21, 50, 6, 87, 87, 48, 39, 51, 75, 69, 41, 55, 30, 94, 50, 31, 99, 80, 87, 70, 74, 90, 40, 31, 51, 75, 20, 88, 16, 52, 25, 19, 64, 18, 32, 25, 31, 76, 84, 80, 78, 11, 28, 50, 87, 64, 6, 81, 28, 27, 47, 73, 95, 87, 77, 10, 20, 27, 77, 9, 100, 95, 12, 20, 42, 100, 9, 76, 39, 23, 59, 59, 33, 19, 6, 34, 95, 47, 49, 15, 77, 83, 98, 14, 86, 61, 100, 59, 70, 81, 21, 61, 61, 50, 74, 13, 92, 58, 24, 36, 50, 80, 23, 64, 66, 33, 48, 
  26, 72, 19, 75, 16, 88, 30, 68, 29, 42, 77, 46, 90, 84, 35, 31, 19, 30, 38, 74, 33, 77, 57, 95, 5, 74, 9, 8, 60, 3, 11, 90, 4, 23, 28, 58, 89, 61, 24, 50, 83, 35, 89, 54, 14, 68, 56, 13, 67, 21, 74, 63, 75, 38, 79, 3, 21, 53, 9, 39, 37, 73, 5, 67, 84, 40, 43, 23, 93, 84, 82, 7, 37, 83, 66, 98, 8, 56, 74, 15, 40, 53, 49, 38, 99, 6, 47, 9, 43, 8, 41, 31, 58, 66, 80, 5, 10, 54, 62, 52, 80, 43, 92, 51, 60, 75, 100, 46, 19, 29, 94, 92, 23, 54, 74, 91, 15, 89, 57, 94, 31, 75, 14, 54, 2, 27, 90, 86, 
  80, 43, 60, 65, 26, 32, 7, 33, 48, 67, 16, 64, 95, 11, 8, 39, 83, 47, 30, 2, 56, 56, 98, 99, 41, 31, 34, 89, 60, 97, 40, 53, 51, 34, 95, 40, 26, 54, 72, 73, 35, 1, 80, 26, 91, 11, 61, 16, 50, 17, 80, 63, 63, 65, 74, 7, 55, 17, 46, 30, 35, 31, 9, 87, 1, 77, 33, 86, 65, 95, 53, 21, 16, 57, 69, 55, 57, 84, 79, 90, 87, 50, 6, 74, 72, 51, 49, 88, 81, 79, 61, 33, 14, 96, 61, 65, 27, 96, 80, 73, 94, 26, 41, 12, 34, 76, 68, 6, 29, 15, 56, 50, 68, 54, 78, 51, 57, 10, 65, 36, 95, 19, 87, 84, 8, 100, 13, 39, 
  16, 57, 88, 9, 32, 90, 21, 81, 9, 8, 17, 87, 79, 61, 33, 16, 69, 41, 62, 7, 44, 29, 79, 38, 2, 33, 36, 30, 11, 35, 18, 46, 85, 37, 52, 81, 92, 75, 70, 44, 35, 43, 100, 29, 57, 54, 27, 31, 24, 78, 15, 70, 79, 45, 67, 37, 45, 13, 52, 11, 6, 91, 60, 38, 50, 98, 77, 76, 44, 67, 91, 23, 100, 52, 8, 82, 15, 52, 87, 16, 22, 8, 31, 5, 92, 87, 77, 55, 19, 38, 93, 81, 30, 8, 61, 67, 17, 42, 20, 30, 40, 58, 5, 31, 25, 90, 24, 30, 47, 7, 3, 35, 15, 19, 12, 9, 38, 9, 74, 70, 75, 32, 22, 64, 88, 97, 36, 99, 
  31, 66, 74, 88, 58, 21, 49, 29, 21, 72, 14, 90, 39, 17, 61, 48, 45, 33, 60, 66, 59, 1, 50, 71, 39, 36, 76, 81, 30, 44, 6, 39, 9, 85, 80, 90, 90, 70, 48, 94, 59, 76, 11, 22, 51, 78, 19, 68, 43, 24, 35, 79, 32, 87, 16, 15, 96, 48, 73, 55, 39, 16, 13, 45, 96, 10, 36, 72, 23, 54, 8, 91, 88, 91, 88, 75, 4, 78, 13, 25, 75, 18, 51, 27, 85, 43, 58, 76, 83, 66, 12, 79, 52, 34, 82, 13, 18, 3, 14, 99, 36, 30, 40, 79, 58, 41, 96, 75, 6, 10, 90, 83, 56, 7, 46, 16, 49, 4, 75, 1, 100, 10, 81, 27, 20, 6, 13, 62, 
  74, 40, 87, 85, 86, 53, 33, 93, 40, 74, 1, 46, 45, 14, 34, 43, 58, 39, 30, 100, 37, 42, 16, 66, 25, 87, 5, 48, 62, 15, 63, 74, 30, 29, 80, 27, 94, 52, 15, 10, 16, 4, 12, 60, 31, 29, 94, 97, 13, 69, 16, 15, 12, 77, 11, 50, 96, 83, 99, 42, 2, 21, 79, 72, 79, 13, 12, 47, 76, 65, 18, 1, 70, 60, 75, 30, 41, 41, 82, 90, 72, 83, 27, 15, 88, 23, 77, 6, 68, 64, 8, 34, 100, 94, 36, 88, 62, 10, 10, 60, 43, 17, 43, 11, 25, 69, 22, 62, 7, 87, 67, 69, 79, 53, 75, 9, 58, 51, 93, 38, 26, 45, 78, 38, 14, 85, 69, 86, 
  40, 72, 34, 45, 17, 33, 40, 7, 2, 97, 16, 25, 61, 96, 60, 87, 54, 57, 66, 52, 28, 92, 42, 21, 27, 72, 47, 46, 55, 14, 21, 100, 46, 7, 27, 49, 72, 44, 70, 32, 30, 70, 95, 44, 81, 29, 80, 29, 4, 90, 68, 8, 27, 9, 60, 12, 55, 86, 54, 91, 97, 30, 57, 4, 26, 26, 78, 30, 36, 14, 96, 7, 7, 58, 66, 13, 78, 64, 92, 37, 36, 98, 62, 8, 60, 50, 39, 51, 67, 57, 22, 18, 98, 1, 56, 25, 73, 67, 38, 57, 18, 83, 11, 40, 16, 16, 71, 41, 49, 90, 63, 53, 14, 12, 40, 51, 86, 16, 93, 79, 81, 64, 25, 43, 68, 23, 63, 48, 
  62, 75, 83, 21, 70, 66, 5, 47, 9, 37, 64, 15, 39, 74, 70, 75, 38, 40, 35, 79, 39, 8, 24, 10, 7, 67, 93, 34, 17, 63, 97, 68, 14, 76, 38, 30, 21, 100, 25, 6, 85, 65, 79, 25, 71, 100, 64, 69, 12, 42, 62, 13, 97, 43, 42, 42, 93, 21, 85, 29, 63, 44, 38, 50, 12, 72, 82, 16, 22, 26, 78, 35, 77, 42, 67, 40, 83, 15, 45, 6, 91, 52, 40, 52, 52, 32, 28, 58, 13, 67, 93, 34, 80, 97, 24, 79, 37, 13, 48, 5, 92, 10, 93, 43, 17, 23, 92, 67, 25, 62, 44, 44, 60, 58, 8, 41, 45, 52, 86, 26, 90, 26, 78, 22, 35, 43, 62, 87, 
  90, 81, 17, 57, 96, 47, 82, 84, 95, 66, 81, 39, 29, 78, 19, 84, 44, 82, 11, 33, 96, 13, 27, 78, 66, 100, 83, 98, 79, 98, 22, 58, 10, 86, 67, 66, 40, 59, 82, 82, 76, 54, 37, 85, 48, 19, 88, 7, 42, 39, 96, 21, 37, 69, 2, 38, 28, 27, 58, 68, 73, 89, 6, 16, 23, 76, 78, 45, 12, 63, 78, 70, 62, 26, 79, 29, 17, 38, 51, 8, 7, 54, 23, 10, 62, 2, 47, 18, 54, 81, 59, 20, 36, 71, 53, 31, 51, 5, 1, 6, 91, 90, 82, 64, 34, 5, 31, 46, 6, 68, 69, 29, 69, 40, 33, 53, 74, 72, 48, 52, 47, 75, 11, 43, 84, 40, 86, 50, 
  76, 31, 15, 91, 65, 52, 15, 74, 3, 42, 74, 57, 54, 75, 76, 54, 71, 35, 45, 86, 72, 16, 59, 11, 27, 31, 67, 40, 90, 36, 35, 84, 16, 64, 50, 85, 66, 57, 84, 78, 85, 39, 55, 73, 65, 34, 11, 51, 61, 8, 97, 98, 9, 43, 4, 75, 61, 98, 25, 91, 62, 1, 53, 68, 5, 2, 49, 47, 8, 88, 14, 44, 40, 7, 33, 5, 16, 41, 14, 74, 54, 66, 27, 1, 18, 28, 83, 4, 77, 37, 21, 32, 73, 18, 81, 49, 14, 66, 20, 28, 71, 40, 49, 67, 20, 38, 75, 70, 65, 63, 76, 58, 44, 30, 64, 35, 39, 61, 49, 94, 68, 99, 63, 90, 92, 94, 36, 74, 
  11, 68, 50, 83, 37, 32, 62, 88, 17, 58, 23, 63, 80, 51, 36, 37, 60, 75, 42, 52, 35, 70, 73, 24, 90, 58, 18, 55, 39, 17, 38, 43, 75, 38, 29, 2, 75, 2, 71, 82, 57, 65, 33, 6, 61, 8, 14, 49, 26, 78, 34, 68, 65, 67, 76, 26, 40, 25, 67, 46, 21, 5, 44, 18, 85, 44, 79, 78, 47, 73, 49, 64, 32, 61, 47, 86, 58, 57, 68, 1, 27, 99, 67, 83, 73, 62, 51, 2, 31, 99, 13, 79, 63, 42, 25, 51, 23, 75, 27, 50, 15, 66, 78, 54, 59, 24, 62, 92, 37, 70, 77, 57, 84, 36, 41, 47, 83, 25, 80, 47, 96, 43, 86, 39, 21, 56, 62, 80, 
  15, 41, 26, 79, 18, 88, 66, 80, 6, 65, 98, 98, 54, 92, 24, 30, 22, 8, 59, 57, 37, 8, 56, 4, 99, 97, 74, 66, 87, 29, 81, 14, 22, 73, 69, 43, 8, 42, 17, 69, 54, 81, 95, 47, 26, 95, 15, 75, 81, 86, 61, 3, 28, 72, 85, 5, 55, 59, 74, 52, 50, 26, 6, 52, 4, 72, 92, 56, 63, 84, 21, 58, 30, 11, 6, 13, 77, 54, 85, 52, 42, 5, 1, 94, 17, 33, 99, 81, 52, 30, 21, 34, 98, 38, 24, 15, 25, 33, 5, 14, 81, 5, 31, 30, 16, 49, 53, 94, 62, 8, 1, 71, 98, 34, 1, 64, 51, 54, 65, 10, 76, 93, 47, 55, 37, 66, 95, 12, 
  82, 81, 28, 99, 7, 90, 56, 3, 54, 53, 77, 33, 41, 15, 82, 39, 26, 28, 79, 21, 96, 51, 13, 73, 80, 68, 100, 57, 35, 24, 89, 82, 17, 34, 15, 94, 7, 42, 92, 11, 38, 55, 69, 58, 36, 91, 45, 2, 64, 16, 98, 68, 46, 20, 96, 48, 31, 61, 44, 38, 69, 21, 20, 90, 47, 15, 72, 37, 95, 51, 60, 59, 46, 95, 52, 35, 99, 89, 27, 61, 26, 45, 35, 26, 50, 45, 68, 73, 47, 62, 59, 70, 63, 26, 69, 97, 50, 99, 86, 72, 85, 30, 13, 81, 22, 81, 62, 65, 47, 24, 58, 85, 66, 1, 19, 54, 79, 31, 72, 15, 8, 7, 64, 38, 74, 44, 52, 87, 
  86, 75, 81, 22, 20, 58, 47, 30, 17, 54, 51, 71, 59, 33, 16, 73, 32, 67, 25, 86, 99, 23, 56, 59, 67, 58, 100, 59, 51, 47, 95, 19, 90, 100, 16, 58, 88, 93, 84, 77, 83, 51, 38, 58, 73, 23, 21, 42, 55, 49, 62, 38, 62, 28, 22, 77, 79, 28, 45, 38, 59, 44, 16, 74, 67, 73, 71, 41, 40, 36, 14, 91, 96, 43, 50, 71, 26, 36, 7, 78, 90, 2, 52, 37, 79, 99, 18, 46, 23, 1, 41, 51, 93, 27, 62, 30, 92, 18, 40, 78, 38, 61, 75, 69, 47, 64, 9, 2, 64, 27, 93, 77, 46, 61, 53, 69, 71, 48, 49, 77, 12, 19, 28, 51, 85, 17, 8, 14, 
  7, 46, 83, 37, 71, 84, 69, 66, 93, 87, 56, 73, 91, 52, 53, 15, 94, 62, 26, 65, 71, 30, 14, 61, 7, 60, 67, 85, 2, 44, 86, 53, 86, 56, 50, 55, 46, 16, 37, 66, 89, 57, 99, 61, 82, 66, 51, 23, 78, 26, 22, 80, 57, 31, 87, 70, 9, 53, 97, 52, 59, 47, 39, 51, 30, 40, 32, 27, 62, 59, 5, 75, 93, 2, 2, 43, 58, 1, 65, 21, 27, 8, 33, 42, 71, 52, 85, 78, 28, 28, 31, 52, 67, 1, 95, 1, 64, 70, 59, 50, 68, 41, 85, 78, 74, 10, 31, 14, 34, 89, 44, 8, 91, 66, 3, 61, 58, 95, 42, 24, 76, 94, 2, 41, 35, 72, 52, 99, 
  22, 11, 89, 3, 79, 1, 21, 35, 27, 50, 2, 6, 88, 17, 32, 5, 86, 18, 98, 8, 30, 46, 30, 57, 88, 3, 68, 80, 29, 50, 14, 86, 96, 66, 60, 92, 83, 24, 15, 42, 67, 74, 77, 98, 91, 83, 89, 54, 61, 28, 77, 57, 93, 36, 47, 48, 85, 72, 30, 98, 59, 95, 37, 58, 37, 12, 68, 42, 82, 30, 28, 100, 69, 46, 26, 24, 49, 95, 51, 42, 78, 35, 9, 67, 3, 27, 35, 54, 81, 27, 71, 44, 54, 50, 98, 50, 35, 12, 55, 32, 91, 54, 32, 15, 98, 100, 91, 83, 82, 70, 4, 18, 33, 44, 94, 95, 93, 10, 56, 18, 14, 55, 42, 95, 3, 63, 16, 42, 
  22, 38, 47, 69, 73, 71, 24, 87, 33, 55, 15, 54, 49, 30, 32, 91, 72, 76, 28, 44, 70, 87, 80, 61, 87, 43, 4, 70, 91, 69, 24, 31, 12, 27, 76, 82, 45, 26, 13, 54, 1, 28, 78, 13, 12, 23, 70, 38, 91, 53, 74, 48, 67, 72, 51, 83, 12, 69, 91, 23, 74, 76, 66, 85, 36, 54, 39, 80, 53, 17, 91, 46, 24, 41, 3, 9, 21, 28, 98, 2, 63, 50, 56, 2, 42, 54, 62, 32, 35, 83, 75, 35, 82, 32, 69, 33, 3, 84, 82, 80, 20, 84, 10, 43, 64, 53, 32, 100, 12, 71, 52, 15, 1, 65, 78, 57, 45, 80, 6, 24, 95, 3, 79, 58, 67, 27, 20, 94, 
  56, 14, 87, 6, 4, 24, 92, 7, 20, 22, 22, 38, 93, 71, 61, 25, 84, 88, 65, 76, 68, 62, 73, 33, 80, 69, 46, 13, 57, 73, 70, 31, 19, 7, 53, 5, 63, 24, 62, 21, 40, 7, 3, 64, 76, 21, 82, 53, 76, 92, 28, 86, 4, 57, 19, 98, 89, 45, 33, 25, 25, 75, 22, 94, 82, 12, 57, 16, 15, 54, 52, 38, 7, 41, 7, 76, 19, 21, 89, 11, 38, 85, 90, 43, 4, 79, 80, 54, 64, 93, 51, 60, 76, 80, 64, 42, 48, 20, 13, 61, 34, 46, 99, 54, 90, 99, 33, 33, 54, 86, 89, 98, 35, 70, 21, 52, 53, 8, 28, 80, 10, 61, 29, 88, 74, 69, 72, 93, 
  91, 31, 14, 22, 80, 28, 71, 10, 41, 92, 24, 83, 39, 34, 1, 29, 71, 44, 48, 37, 4, 63, 21, 95, 58, 44, 10, 17, 60, 26, 52, 89, 18, 26, 3, 65, 36, 84, 89, 8, 21, 80, 79, 84, 89, 54, 40, 11, 71, 97, 99, 27, 51, 64, 65, 93, 25, 53, 7, 83, 53, 51, 37, 97, 46, 96, 60, 89, 1, 69, 82, 13, 86, 58, 84, 3, 33, 14, 91, 84, 17, 29, 91, 92, 75, 71, 30, 99, 87, 7, 99, 51, 5, 29, 31, 98, 26, 32, 16, 68, 97, 48, 48, 50, 10, 33, 22, 6, 41, 15, 55, 68, 25, 80, 83, 52, 83, 94, 62, 50, 63, 88, 31, 67, 63, 99, 92, 23, 
  73, 20, 72, 52, 1, 23, 80, 61, 68, 47, 31, 30, 57, 88, 74, 76, 26, 40, 12, 44, 63, 31, 83, 55, 15, 47, 70, 83, 2, 30, 88, 74, 53, 57, 40, 45, 12, 70, 50, 42, 37, 98, 6, 56, 51, 34, 60, 16, 21, 77, 77, 14, 99, 21, 71, 84, 15, 93, 27, 40, 87, 79, 20, 45, 68, 60, 63, 15, 67, 56, 9, 62, 57, 24, 29, 58, 4, 53, 59, 85, 35, 11, 32, 49, 65, 73, 83, 56, 80, 72, 16, 81, 50, 3, 76, 37, 52, 52, 15, 75, 71, 20, 41, 19, 61, 36, 12, 80, 38, 43, 70, 10, 16, 74, 52, 4, 45, 42, 30, 8, 41, 20, 66, 23, 83, 66, 21, 52, 
  77, 32, 13, 73, 15, 42, 74, 10, 4, 26, 22, 4, 72, 7, 28, 98, 78, 60, 31, 84, 90, 42, 99, 99, 94, 61, 86, 4, 75, 30, 14, 28, 38, 14, 57, 2, 64, 68, 9, 68, 100, 33, 21, 42, 90, 54, 71, 12, 60, 100, 62, 49, 68, 51, 62, 9, 90, 71, 91, 4, 45, 32, 4, 26, 23, 14, 74, 60, 36, 91, 56, 51, 96, 58, 26, 65, 99, 35, 39, 84, 81, 71, 10, 3, 67, 9, 51, 66, 35, 34, 85, 72, 77, 100, 77, 60, 49, 93, 40, 80, 66, 92, 56, 48, 9, 82, 67, 37, 51, 32, 28, 88, 40, 86, 34, 66, 75, 42, 35, 92, 42, 51, 5, 22, 70, 57, 4, 17, 
  16, 41, 20, 61, 59, 29, 68, 85, 7, 74, 98, 4, 17, 52, 57, 38, 65, 35, 70, 17, 11, 8, 8, 22, 45, 38, 78, 53, 70, 50, 83, 41, 59, 95, 60, 69, 71, 53, 17, 91, 76, 95, 33, 57, 73, 14, 87, 92, 8, 25, 7, 11, 12, 6, 14, 78, 94, 100, 7, 45, 98, 90, 59, 52, 27, 72, 35, 48, 29, 77, 82, 64, 53, 68, 14, 21, 81, 90, 80, 15, 96, 98, 4, 73, 47, 49, 39, 27, 68, 88, 48, 81, 29, 3, 36, 1, 19, 21, 60, 32, 78, 40, 27, 80, 30, 79, 32, 18, 47, 54, 25, 86, 53, 98, 45, 69, 63, 89, 33, 10, 99, 74, 11, 10, 24, 58, 50, 85, 
  36, 80, 5, 6, 45, 95, 73, 72, 61, 21, 10, 23, 78, 79, 26, 3, 38, 45, 24, 83, 11, 97, 65, 72, 29, 96, 54, 68, 45, 7, 88, 63, 23, 95, 68, 54, 55, 27, 67, 60, 98, 13, 98, 37, 7, 55, 9, 37, 12, 65, 11, 23, 51, 9, 16, 44, 2, 92, 88, 90, 72, 92, 87, 60, 91, 92, 51, 7, 85, 28, 31, 56, 31, 66, 64, 56, 36, 82, 98, 29, 18, 70, 70, 59, 53, 25, 28, 63, 43, 70, 4, 10, 41, 26, 26, 57, 58, 37, 10, 88, 98, 91, 59, 36, 9, 13, 75, 67, 12, 93, 12, 12, 8, 63, 100, 85, 40, 30, 9, 53, 4, 62, 82, 67, 94, 19, 71, 57, 
  60, 13, 60, 36, 28, 40, 41, 88, 22, 85, 49, 40, 4, 55, 61, 60, 28, 38, 78, 25, 52, 5, 3, 71, 60, 16, 93, 98, 50, 57, 12, 57, 21, 68, 39, 30, 93, 61, 8, 35, 2, 5, 30, 98, 82, 60, 28, 45, 6, 17, 29, 79, 36, 78, 29, 92, 43, 34, 62, 73, 36, 60, 9, 86, 80, 48, 21, 3, 7, 72, 95, 25, 96, 70, 77, 100, 24, 78, 23, 57, 77, 1, 43, 16, 72, 79, 21, 77, 47, 62, 9, 94, 48, 91, 78, 10, 23, 38, 80, 19, 27, 40, 40, 12, 19, 9, 64, 30, 85, 28, 40, 33, 86, 91, 14, 49, 5, 98, 79, 4, 99, 86, 37, 30, 78, 99, 77, 19, 
  75, 98, 87, 66, 83, 73, 26, 27, 19, 43, 75, 74, 18, 99, 75, 53, 40, 85, 85, 70, 31, 57, 10, 72, 73, 87, 84, 69, 29, 14, 40, 81, 45, 12, 2, 41, 90, 40, 42, 64, 92, 60, 24, 96, 68, 72, 38, 11, 88, 67, 34, 73, 23, 90, 94, 79, 79, 25, 30, 5, 36, 94, 80, 7, 56, 50, 57, 54, 22, 39, 95, 92, 68, 60, 94, 62, 58, 97, 92, 98, 45, 57, 5, 98, 92, 90, 38, 67, 42, 16, 95, 69, 90, 59, 26, 27, 79, 8, 14, 24, 43, 67, 63, 10, 4, 28, 19, 19, 47, 6, 41, 23, 69, 48, 58, 60, 1, 60, 86, 98, 7, 86, 91, 63, 41, 26, 76, 71, 
  16, 4, 93, 63, 5, 90, 71, 60, 22, 93, 95, 81, 92, 1, 52, 33, 97, 12, 76, 57, 5, 19, 46, 94, 43, 75, 31, 79, 48, 87, 73, 43, 66, 48, 49, 1, 20, 45, 66, 40, 15, 58, 54, 2, 32, 1, 44, 41, 97, 55, 89, 100, 61, 85, 43, 73, 79, 3, 92, 42, 34, 99, 76, 88, 76, 76, 71, 67, 74, 8, 92, 94, 86, 87, 20, 69, 3, 65, 17, 6, 71, 1, 31, 87, 51, 54, 30, 58, 67, 89, 76, 71, 33, 87, 91, 66, 9, 37, 17, 24, 54, 77, 60, 77, 94, 82, 1, 82, 52, 47, 64, 34, 65, 6, 24, 97, 70, 55, 100, 25, 94, 65, 80, 22, 72, 27, 83, 57, 
  47, 37, 4, 20, 46, 100, 82, 66, 36, 81, 29, 34, 77, 69, 90, 1, 64, 97, 89, 39, 93, 19, 57, 20, 36, 22, 83, 39, 21, 53, 68, 57, 55, 59, 3, 90, 89, 96, 98, 16, 2, 68, 26, 71, 98, 94, 51, 4, 75, 97, 5, 90, 48, 48, 75, 100, 32, 82, 9, 64, 28, 24, 65, 98, 44, 3, 5, 23, 22, 27, 38, 9, 58, 48, 87, 40, 85, 97, 30, 25, 6, 52, 77, 68, 53, 90, 24, 57, 80, 16, 26, 43, 24, 17, 56, 46, 34, 99, 58, 27, 61, 96, 28, 49, 21, 69, 57, 42, 57, 8, 48, 5, 19, 23, 64, 79, 6, 93, 83, 35, 22, 1, 11, 85, 38, 17, 73, 55, 
  5, 96, 21, 84, 46, 17, 13, 3, 73, 88, 87, 71, 52, 34, 9, 95, 99, 98, 18, 98, 1, 63, 78, 35, 28, 27, 7, 25, 76, 68, 59, 59, 37, 30, 61, 95, 99, 41, 47, 16, 85, 44, 92, 99, 44, 27, 35, 30, 77, 45, 47, 93, 19, 22, 11, 22, 12, 61, 9, 51, 24, 64, 35, 54, 44, 80, 55, 58, 6, 58, 98, 47, 48, 39, 26, 32, 4, 57, 60, 7, 64, 33, 66, 96, 97, 43, 60, 87, 45, 27, 6, 57, 15, 72, 79, 10, 98, 13, 90, 53, 54, 68, 60, 83, 5, 58, 37, 71, 82, 6, 32, 14, 61, 42, 56, 61, 57, 13, 46, 22, 94, 61, 54, 33, 7, 55, 23, 45, 
  63, 19, 93, 96, 84, 40, 6, 11, 36, 52, 5, 54, 79, 91, 79, 46, 16, 44, 62, 81, 55, 17, 4, 8, 23, 80, 39, 41, 39, 54, 9, 42, 90, 32, 65, 40, 1, 41, 75, 84, 39, 99, 46, 80, 10, 92, 40, 13, 1, 97, 26, 90, 98, 96, 80, 44, 18, 24, 40, 76, 16, 74, 13, 91, 92, 29, 42, 53, 7, 53, 83, 29, 33, 40, 97, 46, 40, 38, 67, 27, 82, 66, 47, 82, 98, 27, 87, 80, 81, 18, 64, 92, 63, 75, 41, 44, 29, 83, 76, 93, 38, 45, 65, 64, 49, 56, 5, 23, 79, 13, 52, 5, 74, 97, 90, 84, 41, 38, 88, 89, 81, 33, 7, 99, 12, 15, 13, 51, 
  59, 25, 43, 24, 75, 85, 71, 17, 38, 30, 52, 57, 66, 28, 94, 19, 46, 33, 77, 39, 3, 67, 4, 58, 40, 49, 48, 99, 6, 4, 31, 15, 42, 42, 51, 46, 39, 81, 78, 4, 48, 23, 40, 56, 70, 81, 45, 28, 9, 99, 63, 81, 22, 67, 66, 28, 82, 9, 63, 56, 6, 99, 3, 47, 51, 17, 8, 27, 45, 22, 28, 73, 53, 77, 45, 100, 91, 25, 94, 16, 17, 76, 6, 23, 5, 64, 10, 62, 63, 91, 58, 33, 54, 33, 43, 17, 52, 4, 5, 71, 37, 5, 79, 16, 38, 5, 91, 85, 64, 1, 81, 85, 52, 50, 89, 14, 54, 59, 87, 58, 68, 30, 85, 36, 100, 20, 97, 11, 
  46, 2, 2, 30, 65, 96, 59, 6, 54, 49, 40, 80, 35, 69, 57, 12, 76, 83, 29, 26, 78, 90, 66, 22, 98, 46, 2, 74, 63, 92, 23, 90, 17, 17, 54, 3, 98, 55, 94, 8, 61, 21, 27, 81, 33, 87, 71, 63, 53, 97, 53, 58, 65, 44, 47, 12, 26, 98, 84, 32, 47, 72, 23, 91, 59, 66, 36, 50, 72, 47, 51, 52, 79, 90, 58, 16, 48, 80, 67, 16, 16, 98, 78, 23, 46, 29, 7, 21, 17, 37, 10, 32, 6, 2, 90, 15, 99, 70, 54, 13, 69, 5, 70, 19, 94, 97, 10, 61, 82, 97, 81, 61, 75, 30, 9, 50, 68, 27, 17, 88, 6, 52, 86, 97, 28, 3, 73, 59, 
  71, 84, 64, 14, 5, 18, 38, 24, 75, 40, 56, 27, 8, 41, 26, 32, 1, 5, 55, 83, 68, 80, 74, 86, 12, 14, 30, 76, 54, 55, 14, 83, 98, 51, 86, 84, 78, 21, 95, 91, 39, 100, 4, 2, 71, 11, 56, 98, 56, 73, 46, 98, 97, 72, 77, 81, 67, 80, 62, 5, 89, 30, 98, 94, 19, 25, 63, 38, 27, 83, 68, 15, 20, 84, 47, 31, 85, 31, 63, 38, 6, 4, 37, 1, 63, 24, 76, 86, 11, 91, 2, 16, 85, 60, 48, 72, 10, 89, 5, 89, 66, 53, 95, 13, 73, 62, 80, 67, 13, 90, 98, 89, 45, 24, 87, 21, 75, 73, 48, 59, 33, 49, 2, 1, 88, 35, 50, 46, 
  64, 37, 13, 44, 58, 79, 24, 100, 28, 86, 4, 32, 71, 44, 65, 39, 81, 3, 35, 25, 12, 31, 35, 38, 70, 94, 56, 9, 25, 75, 91, 15, 90, 55, 35, 29, 10, 87, 66, 49, 43, 38, 8, 49, 20, 29, 56, 73, 88, 65, 90, 34, 3, 91, 31, 69, 11, 27, 61, 29, 25, 5, 15, 51, 71, 3, 55, 48, 5, 5, 75, 18, 39, 80, 55, 92, 56, 52, 91, 48, 74, 39, 30, 58, 37, 13, 98, 53, 72, 25, 49, 99, 37, 66, 40, 82, 37, 60, 74, 21, 32, 86, 78, 32, 50, 6, 53, 100, 18, 21, 58, 19, 94, 69, 50, 68, 53, 66, 48, 31, 45, 95, 63, 100, 37, 10, 74, 23, 
  28, 17, 31, 37, 21, 62, 73, 71, 13, 43, 50, 4, 83, 18, 74, 5, 24, 28, 34, 84, 51, 28, 52, 97, 3, 87, 6, 49, 49, 78, 3, 80, 19, 32, 16, 47, 49, 29, 38, 72, 56, 35, 10, 4, 72, 48, 4, 44, 22, 9, 22, 34, 84, 24, 22, 46, 72, 8, 43, 93, 6, 15, 61, 5, 21, 16, 70, 94, 94, 6, 13, 40, 71, 81, 50, 83, 39, 11, 24, 39, 20, 38, 22, 28, 89, 40, 33, 26, 25, 10, 35, 40, 43, 77, 9, 53, 23, 55, 82, 94, 82, 7, 9, 54, 37, 14, 75, 32, 61, 49, 88, 97, 25, 60, 7, 33, 4, 35, 65, 21, 46, 59, 40, 80, 85, 94, 61, 60, 
  66, 27, 90, 39, 24, 81, 79, 78, 62, 40, 89, 75, 9, 16, 54, 76, 95, 71, 80, 85, 33, 90, 17, 34, 40, 65, 83, 21, 95, 71, 73, 9, 75, 43, 45, 73, 28, 28, 53, 24, 45, 23, 8, 80, 62, 14, 80, 69, 41, 73, 24, 70, 78, 85, 79, 42, 66, 26, 90, 22, 99, 56, 25, 55, 74, 100, 67, 19, 85, 14, 15, 33, 27, 75, 80, 18, 52, 94, 21, 32, 13, 71, 75, 10, 67, 10, 22, 79, 80, 67, 14, 97, 88, 20, 94, 18, 35, 72, 25, 24, 88, 43, 34, 46, 3, 3, 7, 21, 27, 25, 88, 20, 25, 20, 40, 79, 22, 83, 84, 14, 41, 45, 99, 65, 69, 58, 85, 59, 
  66, 28, 25, 77, 6, 31, 65, 6, 89, 85, 71, 90, 37, 5, 71, 21, 73, 80, 53, 10, 62, 37, 1, 11, 60, 44, 17, 64, 29, 44, 92, 67, 96, 19, 10, 92, 50, 25, 53, 17, 62, 21, 7, 46, 48, 48, 75, 91, 44, 59, 7, 54, 57, 66, 75, 1, 79, 33, 76, 100, 28, 65, 72, 59, 62, 44, 12, 29, 25, 45, 21, 16, 89, 15, 62, 33, 34, 47, 99, 21, 94, 46, 3, 73, 85, 73, 36, 86, 29, 8, 2, 55, 6, 42, 48, 88, 88, 2, 22, 3, 45, 84, 20, 86, 19, 98, 96, 87, 44, 67, 87, 12, 62, 53, 43, 94, 78, 54, 85, 57, 61, 60, 52, 91, 94, 96, 76, 2, 
  89, 76, 88, 75, 37, 14, 8, 60, 8, 46, 41, 96, 57, 8, 84, 56, 97, 32, 29, 64, 100, 10, 97, 43, 82, 21, 8, 53, 35, 4, 36, 60, 15, 45, 55, 15, 12, 3, 38, 64, 40, 68, 86, 78, 62, 41, 17, 81, 67, 92, 70, 97, 27, 39, 52, 46, 90, 20, 65, 90, 47, 64, 86, 23, 96, 80, 70, 54, 97, 92, 35, 45, 58, 15, 89, 70, 8, 32, 64, 45, 51, 32, 92, 59, 49, 67, 52, 41, 8, 85, 8, 13, 51, 67, 94, 45, 38, 53, 17, 69, 43, 20, 87, 41, 43, 71, 4, 7, 23, 75, 24, 32, 4, 94, 73, 14, 28, 71, 42, 66, 98, 64, 87, 15, 6, 96, 50, 43, 
  25, 69, 98, 45, 83, 51, 64, 52, 83, 11, 37, 67, 40, 50, 91, 74, 41, 3, 43, 4, 84, 20, 75, 15, 87, 63, 55, 75, 38, 61, 73, 4, 56, 92, 68, 30, 15, 52, 63, 18, 85, 70, 88, 10, 99, 84, 30, 90, 56, 13, 12, 12, 82, 46, 35, 77, 42, 20, 39, 69, 58, 1, 45, 57, 16, 79, 38, 16, 93, 94, 66, 8, 14, 99, 13, 5, 1, 80, 14, 61, 15, 39, 11, 20, 43, 8, 79, 95, 96, 75, 94, 2, 29, 10, 29, 15, 55, 36, 50, 95, 13, 4, 14, 45, 39, 26, 1, 76, 25, 54, 11, 81, 79, 81, 29, 4, 1, 28, 96, 78, 86, 32, 100, 69, 57, 34, 64, 54, 
  51, 63, 81, 80, 94, 86, 43, 100, 12, 46, 30, 68, 56, 36, 25, 24, 38, 82, 22, 73, 32, 16, 5, 55, 86, 12, 97, 78, 4, 71, 63, 24, 40, 5, 23, 33, 40, 76, 31, 32, 3, 92, 97, 6, 83, 88, 55, 44, 72, 65, 32, 48, 79, 96, 16, 6, 94, 31, 34, 60, 44, 82, 27, 49, 36, 33, 47, 64, 52, 17, 91, 36, 3, 9, 99, 66, 68, 39, 81, 7, 7, 78, 31, 42, 9, 98, 76, 31, 30, 59, 25, 47, 73, 42, 36, 59, 84, 56, 56, 26, 74, 2, 24, 10, 91, 43, 61, 14, 97, 80, 90, 92, 88, 25, 27, 53, 68, 75, 27, 8, 52, 25, 68, 77, 69, 88, 6, 12, 
  85, 82, 18, 70, 40, 78, 41, 24, 2, 92, 91, 37, 65, 2, 46, 17, 69, 23, 8, 39, 28, 18, 25, 16, 26, 28, 50, 58, 69, 5, 25, 11, 56, 79, 27, 10, 15, 17, 63, 53, 97, 77, 58, 55, 10, 43, 64, 98, 13, 63, 83, 15, 68, 66, 68, 28, 91, 25, 47, 7, 3, 85, 82, 80, 54, 1, 34, 56, 25, 72, 46, 5, 87, 33, 15, 81, 95, 22, 43, 52, 35, 24, 97, 90, 43, 71, 91, 5, 91, 88, 73, 65, 78, 62, 9, 11, 87, 49, 37, 6, 18, 75, 72, 56, 97, 73, 15, 44, 20, 85, 82, 61, 16, 71, 55, 20, 99, 50, 83, 41, 29, 81, 42, 14, 90, 18, 25, 95, 
  31, 99, 26, 100, 76, 46, 26, 4, 92, 66, 43, 18, 94, 82, 58, 73, 72, 64, 55, 52, 84, 61, 1, 88, 93, 18, 89, 15, 82, 52, 47, 81, 58, 43, 44, 85, 14, 35, 71, 60, 98, 42, 96, 93, 68, 93, 98, 8, 63, 95, 26, 68, 24, 5, 100, 20, 42, 14, 99, 89, 41, 33, 70, 59, 55, 96, 57, 94, 10, 77, 67, 44, 76, 75, 82, 4, 8, 25, 26, 97, 92, 90, 66, 49, 60, 14, 22, 46, 52, 7, 62, 65, 65, 83, 51, 14, 21, 3, 31, 48, 62, 38, 89, 47, 70, 44, 11, 96, 41, 70, 3, 19, 93, 86, 53, 63, 15, 52, 4, 51, 85, 20, 75, 52, 59, 68, 100, 49, 
  19, 93, 37, 27, 79, 7, 51, 86, 5, 29, 86, 20, 77, 38, 90, 25, 91, 60, 23, 99, 19, 59, 62, 56, 48, 36, 28, 13, 92, 22, 64, 53, 64, 3, 92, 52, 5, 18, 4, 27, 94, 73, 79, 23, 63, 37, 32, 18, 80, 80, 10, 15, 71, 71, 61, 16, 26, 85, 99, 56, 16, 35, 52, 75, 31, 92, 62, 56, 77, 10, 56, 78, 78, 23, 79, 88, 26, 58, 5, 9, 92, 19, 17, 86, 34, 71, 88, 47, 30, 40, 75, 5, 40, 48, 59, 20, 63, 90, 9, 51, 1, 27, 41, 69, 50, 61, 74, 96, 44, 72, 44, 90, 19, 86, 95, 72, 57, 82, 16, 63, 79, 68, 41, 63, 22, 14, 86, 22, 
  83, 61, 71, 43, 2, 100, 68, 5, 72, 62, 13, 83, 48, 56, 82, 6, 81, 39, 41, 77, 7, 20, 46, 14, 31, 5, 92, 95, 45, 36, 90, 47, 82, 58, 39, 26, 5, 88, 78, 44, 53, 44, 56, 37, 61, 62, 15, 6, 82, 72, 40, 8, 93, 8, 78, 38, 26, 75, 52, 64, 93, 97, 7, 35, 45, 15, 97, 73, 66, 7, 68, 67, 100, 86, 63, 98, 36, 79, 27, 12, 82, 26, 69, 81, 32, 30, 55, 83, 35, 7, 73, 80, 81, 89, 32, 98, 5, 92, 30, 31, 48, 24, 82, 1, 6, 91, 77, 74, 75, 82, 29, 36, 92, 81, 17, 45, 5, 76, 11, 65, 49, 58, 60, 36, 84, 93, 27, 83, 
  41, 50, 48, 11, 71, 91, 53, 16, 71, 24, 17, 54, 35, 72, 74, 52, 56, 32, 61, 82, 82, 31, 26, 23, 63, 75, 83, 72, 90, 90, 3, 100, 49, 39, 19, 96, 1, 15, 45, 84, 78, 52, 91, 54, 81, 52, 2, 53, 20, 74, 85, 86, 72, 17, 36, 94, 57, 26, 41, 94, 91, 97, 40, 30, 86, 88, 40, 31, 27, 89, 57, 62, 97, 94, 38, 44, 82, 89, 100, 61, 26, 22, 28, 85, 62, 29, 49, 13, 97, 91, 60, 14, 89, 40, 73, 10, 90, 14, 18, 82, 26, 8, 31, 56, 35, 23, 84, 3, 4, 81, 29, 51, 51, 8, 71, 52, 66, 22, 79, 84, 52, 37, 66, 69, 50, 91, 28, 47, 
  88, 9, 100, 64, 69, 90, 94, 72, 33, 96, 73, 30, 67, 36, 77, 14, 55, 97, 9, 93, 70, 98, 39, 83, 54, 87, 58, 70, 85, 60, 33, 96, 64, 24, 44, 4, 73, 56, 75, 42, 14, 73, 92, 79, 93, 68, 90, 76, 3, 23, 33, 99, 8, 65, 19, 56, 98, 93, 29, 82, 97, 11, 77, 46, 2, 10, 8, 63, 42, 55, 81, 17, 3, 12, 48, 68, 26, 53, 89, 39, 5, 46, 36, 74, 16, 27, 4, 85, 11, 8, 30, 87, 86, 94, 74, 22, 73, 37, 35, 46, 7, 81, 38, 73, 27, 34, 53, 85, 75, 59, 9, 58, 49, 39, 20, 80, 25, 81, 32, 65, 20, 39, 37, 43, 7, 93, 21, 3, 
  40, 52, 88, 78, 30, 62, 62, 31, 98, 59, 1, 84, 94, 78, 61, 20, 39, 46, 79, 68, 5, 41, 39, 53, 62, 36, 48, 58, 41, 92, 93, 61, 97, 37, 71, 45, 88, 62, 41, 30, 18, 36, 13, 35, 69, 91, 48, 7, 85, 64, 50, 88, 53, 54, 7, 52, 100, 67, 32, 95, 58, 35, 89, 57, 27, 63, 58, 34, 77, 61, 7, 28, 6, 100, 75, 3, 73, 53, 67, 37, 66, 76, 21, 6, 49, 71, 17, 97, 78, 66, 42, 98, 11, 92, 12, 46, 29, 8, 55, 1, 73, 84, 83, 95, 60, 75, 49, 59, 2, 69, 78, 53, 44, 77, 57, 68, 82, 17, 75, 15, 7, 2, 90, 100, 21, 66, 37, 92, 
  50, 84, 65, 72, 74, 39, 88, 49, 27, 4, 9, 88, 54, 70, 88, 82, 96, 99, 64, 66, 61, 47, 38, 57, 45, 3, 13, 15, 22, 49, 62, 18, 28, 72, 46, 49, 21, 58, 87, 3, 17, 60, 19, 25, 2, 57, 9, 80, 93, 89, 16, 39, 62, 65, 98, 54, 82, 88, 25, 59, 63, 44, 80, 14, 80, 90, 64, 84, 14, 58, 96, 58, 68, 86, 73, 29, 24, 38, 10, 44, 1, 78, 11, 87, 61, 73, 65, 96, 16, 95, 11, 41, 14, 32, 47, 15, 72, 44, 26, 1, 60, 4, 35, 94, 55, 47, 99, 89, 69, 57, 7, 8, 56, 2, 52, 32, 48, 93, 25, 75, 30, 100, 24, 100, 61, 46, 81, 17, 
  100, 32, 69, 64, 33, 35, 91, 63, 10, 88, 60, 26, 91, 1, 39, 50, 56, 22, 93, 74, 93, 31, 51, 100, 41, 33, 79, 8, 8, 76, 61, 64, 100, 70, 13, 32, 98, 12, 66, 3, 21, 21, 43, 79, 11, 20, 63, 8, 51, 62, 78, 5, 81, 43, 54, 32, 35, 71, 75, 8, 80, 9, 66, 82, 18, 60, 68, 99, 19, 53, 46, 72, 6, 92, 37, 84, 18, 79, 62, 8, 94, 16, 10, 78, 75, 7, 7, 99, 23, 27, 7, 18, 25, 69, 91, 91, 9, 9, 57, 24, 34, 51, 26, 97, 39, 14, 30, 53, 18, 70, 51, 64, 41, 13, 88, 93, 11, 77, 55, 12, 53, 99, 18, 90, 91, 84, 44, 12, 
  6, 32, 15, 15, 44, 52, 20, 68, 30, 7, 17, 68, 90, 45, 66, 13, 17, 26, 81, 95, 40, 70, 80, 37, 25, 7, 47, 25, 76, 100, 42, 76, 91, 60, 68, 27, 1, 7, 76, 22, 58, 75, 96, 40, 59, 75, 32, 52, 21, 70, 1, 64, 15, 33, 95, 32, 97, 25, 35, 72, 71, 98, 70, 26, 91, 72, 74, 41, 53, 19, 83, 26, 48, 63, 14, 80, 46, 43, 38, 62, 24, 74, 81, 22, 20, 86, 83, 7, 85, 59, 65, 35, 94, 42, 32, 6, 51, 90, 14, 53, 44, 77, 79, 13, 86, 99, 34, 82, 46, 91, 91, 77, 97, 53, 61, 17, 84, 88, 56, 94, 73, 46, 70, 91, 79, 54, 84, 8, 
  57, 80, 34, 34, 69, 61, 66, 17, 21, 39, 37, 24, 23, 11, 94, 57, 91, 78, 72, 87, 66, 19, 20, 41, 70, 31, 30, 90, 56, 24, 21, 96, 60, 6, 36, 25, 95, 31, 58, 74, 22, 70, 39, 30, 59, 91, 93, 49, 95, 90, 17, 54, 61, 53, 81, 66, 88, 54, 96, 77, 32, 28, 47, 83, 48, 5, 10, 47, 13, 78, 83, 66, 49, 61, 4, 75, 77, 51, 13, 56, 80, 30, 98, 80, 22, 43, 8, 77, 64, 22, 71, 83, 39, 77, 48, 81, 25, 48, 81, 11, 31, 52, 17, 51, 64, 87, 31, 40, 11, 49, 30, 30, 2, 78, 32, 88, 55, 42, 20, 39, 15, 70, 55, 88, 19, 28, 24, 27, 
  3, 67, 13, 65, 48, 60, 4, 95, 29, 21, 33, 94, 95, 98, 59, 51, 78, 64, 53, 13, 75, 50, 27, 62, 78, 14, 37, 31, 85, 27, 75, 14, 17, 73, 69, 28, 72, 60, 3, 44, 66, 17, 50, 39, 95, 23, 56, 72, 99, 83, 24, 27, 73, 75, 26, 64, 59, 39, 43, 43, 73, 41, 56, 47, 90, 81, 63, 64, 70, 11, 87, 92, 66, 91, 77, 48, 22, 85, 78, 50, 88, 39, 50, 40, 25, 77, 5, 11, 89, 86, 32, 28, 7, 62, 85, 12, 60, 76, 91, 80, 56, 85, 94, 57, 28, 11, 42, 31, 41, 48, 76, 82, 50, 62, 34, 50, 60, 41, 30, 73, 9, 49, 48, 63, 13, 56, 30, 15, 
  79, 5, 6, 60, 10, 27, 46, 46, 14, 52, 59, 79, 15, 60, 53, 82, 13, 89, 48, 90, 1, 46, 46, 61, 7, 15, 4, 76, 84, 24, 52, 54, 75, 82, 51, 28, 28, 68, 77, 58, 45, 16, 87, 12, 99, 75, 78, 90, 55, 22, 13, 94, 1, 87, 49, 99, 59, 85, 73, 82, 39, 73, 49, 13, 44, 20, 74, 61, 81, 8, 86, 88, 35, 26, 92, 53, 89, 7, 21, 45, 45, 70, 22, 43, 16, 18, 59, 50, 74, 87, 38, 66, 88, 57, 8, 54, 67, 68, 97, 87, 76, 58, 92, 76, 96, 5, 100, 42, 53, 74, 73, 65, 19, 34, 19, 95, 51, 27, 11, 71, 70, 65, 69, 2, 24, 6, 44, 31, 
  94, 96, 91, 32, 33, 71, 14, 78, 94, 62, 78, 3, 88, 65, 48, 97, 71, 60, 31, 21, 99, 98, 55, 1, 32, 56, 40, 18, 60, 63, 74, 85, 77, 6, 78, 37, 83, 62, 41, 61, 58, 37, 36, 38, 22, 84, 8, 22, 11, 32, 28, 31, 94, 25, 60, 51, 5, 85, 10, 95, 98, 43, 8, 96, 25, 40, 90, 19, 52, 40, 93, 35, 70, 66, 55, 47, 1, 43, 22, 71, 14, 6, 70, 59, 88, 19, 41, 62, 33, 72, 68, 48, 73, 8, 95, 19, 90, 47, 28, 62, 17, 59, 23, 23, 89, 41, 36, 40, 45, 42, 99, 52, 33, 88, 82, 51, 26, 18, 65, 18, 63, 40, 43, 1, 43, 42, 14, 96, 
  86, 18, 91, 37, 26, 15, 95, 93, 41, 72, 34, 80, 97, 30, 7, 99, 81, 11, 97, 83, 51, 56, 60, 64, 5, 82, 17, 22, 78, 59, 90, 27, 98, 37, 55, 10, 71, 86, 22, 35, 87, 87, 84, 80, 10, 10, 81, 28, 38, 60, 69, 78, 30, 19, 46, 67, 20, 25, 31, 4, 34, 6, 17, 9, 10, 86, 85, 69, 82, 95, 54, 45, 41, 2, 32, 87, 58, 12, 76, 70, 30, 37, 22, 63, 14, 75, 47, 3, 61, 82, 15, 30, 76, 33, 64, 14, 8, 23, 4, 27, 26, 21, 38, 3, 37, 92, 81, 14, 12, 65, 70, 94, 17, 4, 27, 82, 63, 51, 85, 47, 47, 27, 23, 38, 82, 16, 81, 93, 
  55, 99, 47, 76, 38, 71, 76, 80, 24, 2, 73, 43, 95, 80, 54, 49, 69, 57, 90, 44, 61, 86, 87, 13, 56, 63, 10, 46, 64, 60, 3, 81, 83, 38, 54, 87, 49, 1, 56, 95, 42, 51, 82, 64, 91, 17, 92, 34, 91, 75, 48, 99, 58, 77, 8, 36, 3, 3, 5, 52, 27, 39, 42, 51, 79, 18, 21, 59, 10, 92, 12, 10, 34, 23, 36, 38, 15, 47, 58, 40, 36, 85, 24, 58, 71, 85, 83, 66, 30, 71, 36, 78, 73, 11, 95, 65, 34, 15, 40, 63, 30, 55, 99, 75, 9, 3, 14, 31, 76, 6, 7, 61, 8, 8, 24, 55, 1, 7, 64, 1, 78, 39, 69, 22, 85, 71, 13, 86, 
  82, 71, 37, 35, 29, 83, 27, 5, 1, 23, 15, 95, 33, 29, 44, 17, 16, 45, 74, 6, 55, 74, 20, 36, 64, 55, 79, 5, 77, 12, 96, 81, 33, 47, 86, 70, 24, 81, 97, 8, 83, 79, 76, 54, 92, 96, 90, 8, 88, 20, 29, 17, 71, 42, 93, 73, 68, 36, 17, 68, 2, 52, 84, 90, 31, 31, 71, 95, 48, 86, 74, 45, 70, 67, 51, 84, 63, 63, 90, 74, 23, 61, 95, 72, 22, 41, 27, 20, 95, 96, 61, 47, 99, 70, 64, 74, 66, 40, 11, 86, 37, 38, 28, 44, 46, 30, 98, 39, 71, 11, 95, 68, 40, 37, 62, 22, 88, 47, 76, 89, 99, 88, 15, 67, 59, 18, 41, 20, 
  48, 85, 33, 73, 43, 85, 24, 42, 2, 83, 49, 100, 60, 28, 46, 26, 11, 48, 80, 20, 63, 18, 67, 57, 61, 26, 43, 51, 38, 10, 86, 69, 65, 33, 15, 30, 3, 6, 14, 8, 46, 19, 49, 69, 81, 5, 8, 33, 19, 90, 37, 48, 70, 76, 47, 56, 15, 79, 40, 87, 44, 11, 89, 54, 46, 75, 98, 37, 81, 75, 16, 81, 80, 54, 13, 27, 76, 63, 26, 37, 18, 33, 85, 9, 16, 48, 6, 57, 65, 50, 54, 38, 51, 40, 71, 67, 67, 98, 69, 11, 91, 32, 58, 15, 57, 5, 37, 55, 3, 68, 6, 51, 85, 21, 95, 45, 35, 20, 31, 82, 10, 99, 3, 50, 43, 22, 93, 60, 
  55, 26, 1, 86, 73, 69, 21, 89, 47, 53, 93, 47, 85, 15, 38, 33, 30, 64, 91, 57, 46, 88, 86, 17, 25, 73, 53, 81, 29, 56, 77, 32, 78, 25, 59, 21, 73, 99, 83, 72, 37, 46, 91, 53, 50, 13, 44, 52, 64, 7, 16, 39, 35, 73, 4, 60, 91, 61, 52, 58, 86, 49, 21, 96, 59, 71, 19, 91, 42, 26, 14, 35, 96, 65, 39, 30, 26, 25, 71, 59, 6, 48, 35, 50, 14, 19, 71, 13, 79, 39, 92, 40, 63, 66, 68, 52, 12, 32, 90, 61, 69, 8, 73, 88, 63, 50, 61, 88, 96, 48, 81, 41, 34, 38, 16, 51, 61, 95, 23, 48, 100, 21, 72, 43, 37, 92, 5, 63, 
  33, 48, 46, 3, 33, 2, 61, 73, 52, 46, 66, 26, 14, 93, 93, 36, 11, 98, 2, 66, 86, 24, 82, 95, 30, 76, 36, 72, 39, 70, 56, 8, 89, 19, 97, 2, 10, 22, 96, 71, 89, 68, 79, 76, 34, 50, 48, 19, 69, 50, 17, 10, 51, 44, 10, 95, 91, 15, 63, 30, 80, 81, 82, 50, 39, 46, 61, 34, 65, 30, 24, 97, 89, 68, 69, 97, 85, 82, 10, 37, 77, 80, 33, 53, 50, 37, 31, 12, 74, 6, 96, 56, 78, 99, 92, 52, 57, 18, 67, 19, 85, 26, 16, 26, 97, 65, 86, 10, 89, 100, 82, 29, 69, 2, 89, 56, 26, 85, 69, 22, 44, 55, 35, 64, 7, 82, 48, 53, 
  13, 90, 83, 19, 91, 44, 39, 27, 67, 21, 3, 55, 52, 48, 8, 96, 10, 37, 88, 50, 8, 91, 92, 12, 32, 12, 13, 73, 100, 2, 67, 93, 5, 18, 41, 30, 11, 16, 80, 29, 63, 4, 48, 51, 59, 46, 47, 2, 87, 47, 67, 44, 2, 86, 24, 71, 84, 25, 67, 39, 96, 60, 82, 18, 25, 18, 49, 54, 72, 69, 13, 91, 72, 9, 97, 100, 73, 41, 33, 93, 22, 95, 34, 29, 55, 42, 100, 9, 90, 81, 94, 29, 23, 52, 58, 40, 43, 46, 73, 68, 70, 91, 100, 28, 48, 54, 76, 86, 65, 5, 26, 63, 94, 88, 31, 83, 1, 87, 56, 69, 6, 74, 35, 54, 41, 78, 96, 84, 
  45, 12, 44, 42, 43, 12, 13, 35, 91, 1, 36, 77, 77, 64, 92, 2, 29, 89, 86, 70, 1, 1, 100, 28, 10, 71, 9, 1, 66, 34, 41, 92, 37, 98, 9, 40, 46, 98, 11, 60, 41, 92, 66, 60, 25, 36, 53, 68, 31, 23, 26, 34, 97, 71, 25, 11, 90, 25, 31, 23, 95, 12, 18, 45, 10, 85, 60, 5, 39, 95, 30, 38, 79, 18, 60, 94, 40, 50, 12, 78, 83, 48, 73, 97, 55, 13, 70, 20, 77, 65, 24, 30, 91, 2, 87, 40, 93, 61, 96, 73, 74, 14, 7, 47, 70, 9, 76, 86, 24, 82, 5, 71, 62, 43, 31, 21, 35, 2, 9, 49, 34, 9, 69, 100, 84, 28, 78, 80, 
  73, 34, 100, 9, 23, 98, 42, 48, 42, 95, 56, 57, 5, 34, 61, 61, 47, 99, 94, 42, 57, 28, 11, 50, 46, 56, 92, 62, 72, 34, 2, 34, 72, 99, 86, 67, 3, 20, 12, 69, 90, 88, 84, 6, 38, 29, 56, 62, 47, 67, 33, 36, 19, 39, 83, 92, 26, 84, 49, 39, 42, 25, 87, 93, 31, 83, 6, 29, 16, 74, 82, 53, 28, 37, 62, 86, 42, 32, 85, 17, 30, 37, 76, 29, 73, 49, 55, 6, 48, 72, 83, 10, 79, 22, 83, 51, 43, 18, 87, 25, 87, 48, 7, 15, 72, 63, 35, 6, 10, 63, 41, 38, 83, 52, 16, 78, 37, 78, 86, 28, 91, 55, 59, 82, 12, 78, 51, 18, 
  69, 79, 13, 46, 31, 27, 83, 1, 91, 58, 41, 43, 1, 82, 47, 68, 69, 99, 73, 15, 12, 52, 6, 39, 1, 58, 30, 29, 3, 18, 66, 33, 46, 30, 51, 43, 19, 45, 3, 2, 38, 8, 48, 13, 67, 83, 67, 86, 31, 95, 70, 78, 59, 17, 72, 64, 82, 33, 39, 23, 63, 77, 33, 45, 53, 84, 11, 30, 57, 6, 11, 37, 13, 64, 70, 8, 3, 50, 12, 23, 35, 2, 21, 21, 4, 71, 2, 5, 39, 77, 26, 13, 52, 87, 67, 62, 60, 3, 3, 39, 23, 72, 16, 6, 95, 96, 51, 28, 98, 56, 41, 26, 17, 97, 79, 84, 96, 62, 42, 15, 73, 97, 49, 92, 60, 7, 31, 3, 
  13, 59, 50, 32, 73, 93, 10, 6, 29, 30, 76, 51, 4, 18, 95, 57, 64, 59, 14, 76, 68, 78, 13, 52, 19, 35, 90, 76, 36, 92, 10, 75, 64, 54, 60, 49, 40, 7, 94, 39, 30, 70, 77, 1, 97, 13, 8, 66, 5, 2, 50, 34, 82, 60, 35, 71, 29, 94, 56, 4, 14, 22, 56, 1, 74, 100, 43, 86, 56, 3, 6, 31, 75, 95, 76, 82, 47, 92, 31, 97, 80, 54, 87, 42, 14, 9, 32, 29, 31, 14, 73, 67, 37, 20, 21, 47, 55, 75, 17, 27, 27, 86, 74, 15, 98, 65, 91, 57, 14, 97, 66, 71, 75, 37, 11, 36, 56, 28, 40, 36, 66, 66, 50, 98, 48, 84, 65, 99, 
  64, 4, 68, 10, 6, 87, 15, 61, 20, 99, 38, 79, 77, 7, 13, 85, 4, 68, 21, 77, 41, 21, 80, 99, 14, 61, 49, 95, 43, 62, 95, 18, 45, 43, 47, 8, 7, 70, 80, 38, 81, 57, 18, 30, 37, 85, 32, 67, 81, 59, 12, 80, 50, 32, 83, 41, 41, 99, 31, 57, 27, 3, 8, 38, 94, 83, 50, 51, 86, 65, 97, 38, 13, 25, 26, 18, 74, 29, 45, 65, 24, 91, 5, 60, 72, 28, 73, 22, 3, 38, 16, 48, 3, 75, 77, 72, 29, 43, 36, 19, 58, 55, 73, 11, 63, 78, 82, 68, 35, 85, 92, 50, 72, 99, 74, 99, 45, 92, 69, 33, 80, 100, 9, 85, 69, 32, 44, 3, 
  27, 26, 99, 48, 65, 65, 56, 27, 91, 67, 2, 54, 77, 70, 15, 71, 28, 69, 7, 41, 6, 76, 36, 46, 82, 67, 31, 12, 17, 98, 13, 88, 11, 52, 32, 80, 15, 96, 55, 76, 85, 6, 52, 18, 58, 47, 20, 3, 49, 87, 57, 51, 79, 2, 25, 93, 11, 1, 99, 93, 55, 22, 69, 41, 69, 74, 20, 65, 32, 62, 76, 17, 1, 48, 59, 79, 39, 55, 43, 22, 57, 52, 97, 64, 78, 34, 98, 26, 55, 16, 17, 20, 59, 37, 69, 45, 27, 47, 55, 74, 45, 82, 81, 31, 30, 93, 57, 25, 81, 87, 27, 8, 26, 57, 34, 68, 28, 71, 63, 22, 42, 21, 92, 7, 18, 29, 46, 50, 
  96, 16, 33, 35, 98, 44, 36, 63, 83, 50, 9, 14, 41, 54, 46, 35, 53, 20, 3, 2, 67, 76, 62, 26, 33, 47, 36, 76, 10, 13, 79, 97, 52, 80, 90, 48, 36, 34, 14, 31, 25, 17, 37, 23, 53, 17, 41, 90, 93, 3, 59, 90, 4, 38, 34, 12, 83, 29, 27, 27, 48, 90, 10, 82, 46, 89, 1, 21, 3, 50, 38, 99, 72, 59, 1, 91, 8, 42, 35, 55, 58, 92, 54, 22, 39, 90, 3, 33, 44, 86, 41, 20, 2, 58, 33, 95, 60, 15, 20, 34, 21, 99, 9, 50, 81, 66, 14, 72, 95, 91, 76, 75, 45, 65, 59, 85, 14, 23, 2, 64, 43, 35, 43, 46, 27, 16, 78, 7, 
  58, 26, 96, 44, 76, 92, 16, 28, 79, 10, 14, 35, 86, 66, 89, 16, 91, 64, 79, 77, 4, 50, 46, 51, 7, 42, 77, 36, 95, 51, 21, 22, 94, 44, 28, 5, 84, 29, 5, 46, 89, 97, 60, 9, 78, 100, 89, 31, 2, 32, 25, 22, 68, 7, 89, 97, 2, 75, 8, 33, 27, 98, 64, 15, 6, 92, 75, 95, 80, 6, 90, 31, 76, 91, 42, 21, 41, 65, 32, 5, 12, 88, 78, 64, 24, 97, 9, 44, 96, 58, 10, 94, 84, 61, 58, 46, 42, 94, 84, 54, 44, 78, 43, 78, 65, 27, 64, 20, 88, 94, 38, 35, 31, 28, 30, 21, 71, 98, 26, 5, 67, 38, 34, 72, 36, 57, 81, 92, 
  17, 43, 82, 37, 15, 96, 59, 20, 79, 60, 12, 86, 40, 40, 24, 16, 33, 79, 3, 80, 5, 59, 84, 91, 88, 33, 50, 14, 2, 32, 35, 55, 59, 50, 98, 43, 69, 40, 96, 70, 11, 50, 83, 97, 82, 37, 22, 87, 97, 91, 65, 14, 86, 75, 25, 24, 73, 27, 87, 85, 30, 18, 75, 59, 64, 37, 86, 35, 82, 33, 45, 34, 29, 76, 61, 8, 65, 69, 48, 35, 46, 12, 64, 88, 66, 10, 35, 49, 35, 6, 74, 95, 35, 32, 57, 11, 49, 2, 61, 29, 50, 89, 28, 82, 16, 64, 45, 40, 47, 80, 62, 27, 86, 3, 83, 52, 43, 26, 91, 20, 90, 3, 50, 83, 3, 18, 57, 77, 
  17, 57, 54, 8, 14, 63, 56, 16, 20, 93, 89, 12, 64, 48, 7, 84, 87, 73, 96, 61, 13, 15, 41, 4, 96, 57, 11, 9, 25, 17, 7, 28, 73, 74, 95, 65, 30, 83, 61, 49, 97, 21, 98, 93, 15, 92, 44, 79, 10, 45, 85, 21, 2, 40, 76, 91, 34, 94, 49, 72, 38, 62, 56, 91, 28, 24, 46, 81, 22, 43, 77, 30, 4, 60, 46, 45, 44, 55, 43, 39, 100, 22, 8, 9, 79, 73, 8, 51, 97, 35, 56, 9, 13, 9, 10, 81, 5, 46, 14, 96, 7, 20, 38, 36, 87, 86, 99, 92, 15, 93, 11, 70, 7, 90, 71, 55, 51, 84, 40, 63, 2, 15, 61, 98, 90, 56, 60, 56, 
  3, 42, 90, 60, 43, 60, 55, 41, 27, 52, 79, 75, 12, 40, 49, 85, 79, 22, 57, 63, 30, 34, 76, 62, 41, 14, 67, 92, 17, 57, 4, 49, 48, 95, 88, 61, 67, 81, 11, 51, 62, 49, 87, 34, 2, 83, 95, 54, 71, 82, 33, 54, 58, 15, 84, 69, 5, 91, 18, 76, 6, 60, 91, 3, 30, 57, 28, 55, 88, 56, 63, 69, 82, 31, 42, 52, 60, 67, 72, 70, 67, 44, 82, 17, 13, 44, 88, 68, 47, 20, 13, 83, 78, 76, 1, 60, 54, 97, 95, 58, 89, 5, 27, 39, 26, 27, 63, 76, 49, 11, 53, 80, 3, 91, 71, 28, 43, 56, 67, 66, 23, 35, 28, 75, 15, 72, 50, 42, 
  6, 44, 73, 42, 14, 68, 88, 98, 96, 88, 70, 33, 50, 43, 96, 81, 83, 40, 43, 90, 86, 39, 71, 23, 71, 48, 87, 63, 25, 38, 68, 27, 32, 43, 52, 35, 41, 59, 1, 73, 90, 43, 43, 10, 35, 23, 50, 99, 76, 84, 61, 2, 66, 13, 100, 70, 3, 7, 12, 25, 85, 87, 89, 100, 72, 6, 98, 91, 58, 48, 70, 90, 68, 52, 87, 70, 70, 40, 69, 31, 36, 14, 49, 40, 17, 7, 7, 32, 53, 18, 20, 75, 84, 64, 63, 15, 58, 70, 40, 78, 5, 46, 95, 86, 5, 64, 100, 82, 95, 44, 10, 59, 37, 3, 25, 84, 8, 31, 60, 46, 2, 94, 25, 63, 25, 14, 29, 39, 
  96, 59, 89, 20, 85, 68, 40, 8, 79, 48, 35, 35, 22, 88, 82, 21, 68, 83, 69, 98, 25, 77, 34, 57, 62, 32, 86, 53, 59, 95, 91, 84, 14, 66, 13, 12, 24, 75, 38, 25, 40, 71, 7, 49, 52, 55, 67, 61, 76, 81, 60, 20, 67, 14, 89, 88, 65, 10, 46, 40, 59, 55, 44, 23, 2, 52, 92, 14, 59, 2, 29, 94, 85, 46, 16, 47, 15, 74, 65, 35, 3, 41, 100, 58, 1, 46, 57, 99, 73, 90, 86, 75, 17, 100, 73, 24, 30, 94, 56, 15, 79, 42, 2, 66, 90, 17, 42, 34, 9, 62, 39, 3, 12, 49, 95, 43, 90, 36, 55, 10, 17, 59, 70, 65, 74, 74, 79, 95, 
  76, 4, 42, 8, 93, 41, 73, 87, 94, 3, 56, 94, 31, 37, 42, 82, 87, 37, 88, 3, 15, 63, 51, 22, 80, 29, 9, 28, 34, 100, 28, 79, 33, 74, 20, 62, 56, 51, 51, 76, 58, 67, 97, 57, 99, 43, 10, 85, 69, 87, 62, 17, 61, 56, 89, 55, 12, 65, 39, 71, 1, 1, 44, 95, 53, 36, 83, 45, 36, 100, 2, 23, 56, 70, 87, 27, 89, 38, 5, 46, 55, 47, 69, 37, 64, 1, 56, 74, 100, 68, 59, 55, 16, 53, 40, 74, 68, 40, 30, 78, 8, 51, 15, 72, 92, 84, 71, 54, 46, 91, 28, 31, 80, 44, 88, 46, 48, 19, 44, 4, 11, 25, 61, 61, 52, 98, 48, 60, 
  73, 14, 6, 29, 4, 39, 76, 99, 2, 52, 15, 7, 65, 50, 52, 42, 81, 21, 69, 44, 62, 66, 34, 46, 88, 57, 21, 70, 97, 28, 79, 80, 78, 85, 34, 69, 22, 71, 42, 27, 50, 45, 79, 74, 91, 97, 20, 76, 36, 98, 25, 19, 63, 62, 68, 62, 16, 78, 58, 70, 63, 74, 57, 82, 10, 81, 25, 38, 83, 26, 20, 31, 57, 47, 10, 24, 21, 100, 3, 22, 99, 42, 31, 32, 87, 91, 81, 52, 93, 72, 24, 4, 57, 37, 2, 34, 70, 25, 37, 40, 30, 35, 33, 46, 94, 32, 82, 83, 87, 60, 1, 57, 49, 33, 22, 92, 13, 79, 10, 10, 92, 10, 77, 27, 53, 23, 38, 97, 
  93, 18, 56, 58, 68, 5, 47, 25, 93, 85, 84, 33, 64, 95, 95, 12, 56, 23, 33, 93, 45, 53, 95, 14, 73, 32, 65, 56, 53, 46, 54, 67, 79, 45, 89, 18, 91, 3, 88, 97, 60, 37, 39, 66, 98, 37, 97, 87, 70, 49, 67, 49, 77, 64, 28, 43, 84, 29, 14, 80, 48, 62, 95, 20, 31, 8, 55, 58, 56, 44, 53, 91, 79, 55, 23, 41, 41, 41, 34, 86, 19, 19, 39, 15, 33, 34, 42, 80, 59, 3, 5, 31, 33, 93, 34, 95, 35, 64, 79, 84, 13, 20, 64, 84, 22, 19, 40, 98, 6, 97, 50, 61, 44, 41, 74, 48, 34, 14, 80, 70, 93, 63, 30, 42, 37, 37, 92, 58, 
  46, 86, 89, 89, 68, 44, 95, 89, 74, 54, 18, 48, 5, 91, 46, 64, 61, 31, 20, 80, 81, 93, 47, 65, 91, 58, 21, 4, 46, 91, 6, 96, 6, 40, 1, 35, 9, 64, 61, 55, 57, 64, 29, 38, 76, 86, 63, 5, 51, 92, 78, 60, 32, 5, 8, 32, 8, 35, 57, 76, 60, 38, 40, 85, 46, 6, 47, 41, 70, 20, 37, 51, 46, 19, 8, 22, 16, 36, 16, 62, 96, 29, 52, 42, 3, 53, 42, 94, 63, 43, 57, 71, 41, 1, 78, 97, 79, 87, 4, 5, 26, 89, 99, 68, 85, 30, 49, 93, 36, 6, 34, 97, 43, 28, 78, 96, 96, 29, 52, 3, 62, 15, 67, 17, 70, 83, 99, 41, 
  71, 65, 62, 44, 22, 88, 63, 16, 64, 30, 81, 79, 100, 76, 60, 15, 49, 73, 92, 10, 34, 95, 70, 61, 41, 60, 33, 68, 11, 45, 44, 29, 76, 43, 2, 70, 51, 83, 25, 20, 95, 48, 17, 24, 58, 91, 13, 93, 47, 4, 57, 69, 55, 54, 98, 79, 83, 84, 9, 65, 90, 94, 3, 13, 76, 68, 36, 29, 73, 94, 47, 42, 23, 11, 16, 8, 28, 55, 68, 26, 74, 40, 67, 52, 72, 33, 99, 46, 31, 95, 65, 6, 34, 62, 36, 25, 32, 11, 39, 62, 83, 32, 97, 88, 42, 100, 73, 6, 64, 85, 35, 22, 19, 32, 15, 34, 71, 40, 43, 36, 94, 40, 82, 6, 19, 82, 61, 57, 
  27, 48, 87, 64, 7, 74, 85, 41, 34, 3, 94, 65, 22, 71, 90, 97, 72, 89, 63, 31, 93, 25, 56, 30, 94, 76, 6, 28, 50, 99, 3, 7, 13, 59, 10, 80, 66, 69, 3, 52, 67, 94, 26, 33, 35, 55, 79, 100, 9, 26, 32, 12, 33, 43, 28, 14, 93, 81, 61, 54, 92, 59, 27, 42, 21, 41, 53, 58, 30, 74, 73, 10, 82, 87, 80, 36, 22, 62, 72, 68, 85, 47, 73, 25, 88, 9, 46, 52, 47, 94, 27, 65, 61, 84, 92, 31, 9, 6, 11, 32, 72, 66, 25, 54, 8, 95, 97, 66, 41, 84, 100, 32, 75, 65, 13, 78, 44, 13, 39, 94, 11, 23, 1, 29, 82, 15, 86, 43, 
  59, 69, 1, 89, 77, 39, 72, 93, 23, 45, 59, 39, 54, 58, 36, 4, 68, 56, 27, 76, 39, 78, 24, 65, 37, 6, 59, 95, 48, 13, 64, 36, 45, 38, 57, 19, 7, 20, 12, 95, 36, 14, 27, 22, 6, 21, 64, 49, 75, 71, 33, 61, 27, 45, 75, 65, 9, 88, 31, 7, 54, 81, 12, 73, 72, 51, 66, 28, 13, 73, 84, 28, 92, 17, 24, 75, 79, 90, 84, 34, 4, 87, 8, 4, 11, 38, 66, 63, 98, 18, 83, 49, 87, 30, 62, 80, 63, 42, 76, 33, 87, 26, 4, 19, 80, 38, 92, 31, 44, 74, 20, 81, 76, 53, 84, 83, 32, 11, 51, 92, 35, 91, 47, 76, 38, 34, 89, 42, 
  76, 18, 40, 84, 97, 89, 65, 25, 36, 49, 19, 11, 53, 37, 97, 46, 2, 63, 69, 25, 88, 32, 75, 65, 21, 78, 77, 82, 63, 51, 23, 80, 34, 65, 71, 66, 99, 45, 46, 85, 31, 74, 28, 62, 2, 38, 63, 72, 21, 25, 70, 29, 59, 79, 62, 59, 92, 15, 16, 67, 56, 90, 62, 20, 25, 31, 56, 47, 81, 82, 55, 59, 7, 79, 25, 71, 57, 11, 41, 32, 40, 97, 95, 35, 25, 14, 25, 71, 99, 73, 50, 68, 93, 82, 26, 43, 77, 48, 6, 60, 89, 35, 10, 81, 50, 90, 87, 3, 17, 75, 88, 82, 91, 9, 80, 44, 8, 31, 14, 1, 78, 42, 48, 65, 100, 47, 68, 31, 
  37, 5, 20, 93, 47, 21, 54, 75, 18, 14, 9, 84, 40, 32, 15, 38, 83, 79, 53, 39, 85, 65, 84, 37, 77, 77, 51, 2, 87, 60, 84, 61, 63, 52, 91, 96, 58, 96, 8, 85, 88, 35, 60, 18, 57, 43, 44, 49, 49, 45, 40, 32, 73, 95, 97, 100, 83, 61, 98, 53, 67, 33, 100, 99, 95, 23, 16, 90, 52, 52, 63, 88, 58, 9, 91, 54, 90, 75, 67, 76, 73, 78, 48, 14, 66, 99, 5, 90, 45, 39, 6, 96, 44, 78, 20, 24, 50, 74, 13, 11, 30, 4, 47, 70, 89, 11, 26, 45, 61, 37, 75, 53, 61, 30, 56, 85, 47, 10, 63, 100, 28, 86, 15, 40, 43, 90, 24, 97, 
  8, 8, 97, 27, 28, 47, 69, 92, 10, 20, 85, 57, 15, 96, 44, 40, 60, 40, 44, 45, 20, 71, 37, 94, 41, 36, 89, 65, 35, 41, 44, 37, 35, 25, 49, 43, 97, 75, 84, 67, 38, 41, 60, 84, 53, 74, 56, 71, 58, 81, 31, 88, 66, 13, 78, 49, 38, 70, 10, 81, 47, 17, 65, 73, 91, 56, 70, 37, 20, 25, 64, 9, 41, 90, 23, 90, 62, 15, 49, 42, 90, 52, 65, 29, 42, 86, 89, 20, 6, 76, 38, 53, 45, 4, 14, 36, 49, 94, 84, 29, 14, 96, 56, 7, 46, 61, 33, 25, 100, 53, 34, 41, 98, 2, 63, 31, 28, 48, 11, 55, 68, 80, 30, 91, 68, 86, 51, 55, 
  94, 35, 92, 5, 36, 85, 62, 99, 71, 99, 2, 81, 88, 39, 40, 73, 17, 42, 10, 90, 74, 88, 89, 28, 28, 14, 25, 16, 18, 64, 19, 100, 80, 25, 32, 80, 26, 11, 79, 93, 30, 82, 44, 94, 99, 33, 20, 72, 41, 52, 90, 23, 26, 87, 43, 44, 7, 8, 60, 1, 63, 19, 77, 35, 20, 65, 68, 62, 67, 90, 38, 99, 6, 23, 8, 7, 99, 64, 20, 59, 79, 31, 27, 70, 32, 28, 21, 86, 97, 42, 71, 28, 70, 52, 65, 68, 99, 70, 57, 77, 55, 51, 92, 26, 38, 100, 92, 79, 97, 98, 54, 98, 34, 61, 20, 31, 17, 86, 4, 98, 41, 88, 53, 37, 45, 38, 6, 2, 
  86, 16, 74, 52, 95, 41, 61, 21, 57, 25, 70, 92, 5, 97, 52, 1, 75, 59, 31, 41, 22, 87, 73, 99, 21, 5, 100, 57, 83, 14, 8, 41, 36, 26, 97, 99, 81, 53, 25, 57, 94, 24, 94, 36, 85, 92, 19, 32, 69, 22, 42, 1, 70, 71, 93, 94, 47, 2, 23, 96, 20, 82, 10, 93, 69, 57, 41, 5, 64, 50, 44, 47, 71, 51, 56, 87, 58, 58, 99, 44, 75, 3, 42, 45, 55, 11, 78, 83, 56, 4, 32, 85, 31, 59, 10, 95, 4, 84, 91, 70, 14, 7, 84, 60, 61, 41, 79, 77, 55, 91, 64, 75, 57, 24, 21, 12, 84, 13, 17, 43, 15, 97, 87, 85, 86, 25, 56, 76, 
  96, 60, 9, 56, 99, 19, 13, 85, 50, 2, 97, 78, 66, 76, 82, 12, 7, 6, 91, 73, 15, 22, 66, 44, 94, 49, 9, 19, 14, 70, 3, 58, 98, 69, 29, 29, 12, 10, 62, 9, 33, 1, 79, 80, 76, 64, 75, 96, 47, 63, 59, 84, 73, 28, 56, 28, 39, 2, 74, 96, 52, 23, 17, 61, 56, 55, 73, 8, 12, 82, 81, 51, 4, 45, 99, 93, 27, 30, 94, 13, 67, 95, 43, 21, 100, 63, 74, 29, 52, 98, 49, 97, 92, 94, 75, 41, 35, 95, 32, 69, 75, 14, 4, 56, 20, 21, 74, 42, 34, 66, 5, 59, 52, 80, 71, 81, 5, 60, 20, 49, 61, 33, 62, 22, 83, 23, 12, 92, 
  71, 90, 50, 99, 79, 70, 29, 81, 32, 74, 6, 55, 58, 63, 72, 22, 51, 83, 18, 10, 78, 64, 97, 35, 3, 34, 79, 47, 65, 26, 68, 73, 36, 43, 57, 75, 46, 83, 51, 11, 50, 64, 60, 81, 86, 82, 2, 93, 75, 25, 5, 18, 90, 27, 75, 52, 48, 43, 78, 32, 54, 35, 88, 38, 35, 93, 86, 5, 83, 3, 74, 93, 11, 73, 99, 67, 25, 39, 17, 46, 65, 46, 52, 23, 23, 35, 4, 93, 18, 33, 60, 56, 56, 68, 40, 39, 65, 69, 91, 15, 5, 60, 52, 63, 38, 42, 34, 18, 13, 95, 25, 37, 29, 76, 79, 10, 58, 56, 64, 81, 45, 76, 23, 92, 72, 66, 14, 2, 
  75, 58, 83, 84, 99, 85, 16, 50, 31, 6, 22, 79, 10, 100, 12, 6, 49, 95, 48, 61, 15, 88, 21, 48, 16, 100, 80, 50, 5, 38, 10, 2, 64, 82, 50, 28, 17, 68, 40, 88, 34, 90, 51, 94, 27, 84, 86, 58, 64, 52, 33, 25, 34, 35, 87, 49, 33, 48, 52, 38, 67, 52, 12, 93, 64, 65, 98, 11, 19, 97, 27, 2, 12, 4, 72, 85, 34, 60, 64, 51, 49, 74, 29, 90, 86, 38, 72, 45, 34, 1, 22, 87, 10, 68, 18, 56, 29, 49, 74, 87, 31, 78, 5, 20, 53, 59, 61, 92, 23, 67, 83, 38, 10, 26, 56, 4, 10, 35, 87, 86, 34, 13, 30, 59, 93, 66, 76, 80, 
  82, 35, 6, 9, 75, 37, 69, 71, 3, 64, 78, 76, 43, 39, 97, 72, 25, 63, 3, 91, 91, 54, 87, 19, 50, 34, 63, 38, 11, 77, 68, 93, 22, 29, 36, 8, 86, 53, 78, 46, 42, 76, 6, 40, 62, 29, 46, 58, 22, 5, 78, 87, 76, 75, 2, 80, 95, 98, 89, 85, 47, 92, 59, 27, 15, 63, 88, 22, 11, 21, 86, 34, 62, 32, 65, 55, 29, 15, 67, 26, 79, 68, 12, 78, 70, 28, 13, 4, 72, 42, 40, 17, 95, 90, 91, 100, 63, 12, 76, 47, 3, 39, 85, 44, 62, 78, 61, 67, 31, 11, 75, 20, 2, 44, 26, 4, 66, 82, 11, 37, 69, 55, 88, 66, 71, 100, 64, 96, 
  92, 79, 21, 63, 35, 18, 31, 4, 71, 95, 29, 37, 4, 79, 87, 56, 17, 58, 31, 5, 12, 25, 14, 70, 66, 71, 31, 12, 69, 91, 14, 63, 16, 24, 30, 82, 70, 100, 70, 13, 30, 74, 80, 88, 78, 80, 2, 53, 36, 7, 36, 46, 53, 36, 46, 82, 27, 1, 87, 3, 81, 51, 84, 100, 6, 12, 22, 66, 56, 71, 70, 20, 81, 69, 73, 64, 100, 65, 13, 20, 80, 34, 82, 41, 14, 94, 17, 29, 74, 46, 36, 86, 2, 7, 8, 35, 21, 12, 71, 25, 37, 49, 6, 1, 89, 89, 30, 63, 84, 9, 41, 54, 98, 4, 37, 19, 77, 69, 74, 7, 79, 40, 7, 29, 68, 29, 52, 4, 
  16, 71, 73, 15, 59, 75, 28, 55, 53, 6, 10, 34, 16, 30, 50, 50, 81, 86, 35, 19, 54, 82, 99, 21, 78, 63, 57, 31, 91, 5, 9, 59, 20, 38, 23, 35, 49, 74, 11, 100, 25, 89, 20, 91, 21, 28, 66, 59, 98, 19, 84, 100, 25, 63, 2, 44, 35, 28, 78, 57, 67, 99, 25, 87, 32, 17, 76, 37, 88, 21, 71, 34, 14, 91, 28, 26, 89, 11, 91, 44, 93, 42, 83, 35, 29, 8, 18, 13, 87, 74, 32, 28, 1, 62, 35, 96, 88, 29, 17, 99, 47, 12, 27, 80, 3, 33, 63, 89, 64, 78, 92, 14, 28, 4, 81, 51, 16, 16, 35, 74, 30, 100, 89, 28, 89, 53, 19, 48, 
  40, 48, 35, 37, 62, 85, 75, 2, 48, 48, 63, 50, 82, 77, 53, 97, 66, 58, 75, 86, 43, 25, 49, 76, 45, 34, 56, 20, 81, 90, 8, 57, 81, 98, 4, 15, 33, 23, 73, 37, 92, 72, 47, 54, 15, 90, 41, 4, 94, 3, 71, 26, 36, 56, 66, 100, 61, 8, 79, 76, 12, 52, 78, 84, 87, 32, 5, 90, 28, 96, 54, 17, 42, 31, 92, 60, 81, 52, 95, 70, 42, 13, 42, 68, 94, 32, 77, 89, 33, 85, 12, 51, 4, 40, 66, 65, 65, 5, 42, 16, 76, 10, 30, 96, 8, 26, 72, 62, 20, 10, 38, 40, 62, 87, 83, 28, 54, 29, 13, 79, 82, 87, 86, 33, 48, 26, 89, 56, 
  36, 70, 58, 22, 84, 64, 85, 28, 17, 63, 3, 15, 20, 38, 50, 78, 1, 63, 16, 22, 11, 76, 17, 54, 92, 48, 27, 48, 10, 94, 44, 46, 55, 80, 74, 15, 67, 39, 51, 46, 8, 62, 34, 56, 98, 78, 78, 10, 34, 3, 98, 63, 43, 23, 98, 66, 70, 98, 57, 35, 3, 2, 26, 13, 84, 81, 67, 93, 20, 13, 94, 89, 66, 85, 80, 12, 45, 34, 25, 72, 66, 51, 84, 47, 58, 86, 34, 80, 96, 94, 90, 15, 18, 7, 73, 85, 42, 63, 99, 38, 16, 47, 67, 21, 12, 42, 33, 94, 59, 34, 14, 36, 53, 99, 2, 93, 93, 63, 28, 81, 51, 67, 86, 20, 66, 75, 27, 64, 
  1, 63, 81, 3, 23, 77, 64, 9, 20, 94, 19, 82, 63, 89, 57, 50, 31, 69, 89, 58, 10, 58, 60, 17, 12, 88, 4, 29, 7, 58, 7, 4, 76, 18, 65, 85, 59, 37, 5, 6, 21, 1, 80, 36, 82, 51, 47, 48, 12, 36, 36, 40, 72, 43, 96, 45, 2, 84, 31, 82, 39, 84, 72, 76, 1, 39, 86, 37, 17, 3, 79, 14, 19, 89, 92, 55, 43, 31, 13, 43, 29, 24, 84, 56, 41, 48, 47, 86, 66, 8, 18, 3, 16, 85, 91, 19, 99, 9, 28, 2, 46, 54, 14, 97, 85, 70, 87, 38, 58, 14, 9, 92, 33, 29, 17, 92, 87, 93, 47, 90, 79, 5, 6, 5, 76, 85, 27, 96, 
  11, 63, 64, 42, 46, 88, 57, 85, 86, 84, 51, 93, 12, 71, 18, 74, 10, 87, 23, 81, 95, 26, 73, 25, 76, 82, 51, 1, 71, 3, 81, 58, 71, 37, 57, 83, 57, 19, 86, 82, 9, 48, 69, 82, 20, 67, 36, 36, 82, 55, 2, 36, 99, 50, 63, 41, 41, 15, 58, 78, 38, 71, 88, 47, 43, 28, 66, 95, 23, 41, 99, 10, 35, 62, 98, 55, 76, 51, 80, 56, 62, 88, 24, 15, 31, 86, 14, 78, 81, 51, 44, 62, 6, 32, 64, 16, 53, 95, 51, 30, 26, 25, 52, 98, 53, 63, 71, 45, 85, 93, 50, 13, 55, 87, 24, 18, 6, 29, 19, 20, 30, 71, 93, 86, 84, 93, 55, 87, 
  43, 44, 29, 11, 18, 47, 20, 95, 16, 3, 14, 39, 33, 46, 1, 49, 34, 18, 79, 50, 29, 35, 52, 49, 55, 47, 65, 63, 63, 28, 25, 11, 45, 26, 57, 24, 19, 79, 29, 38, 34, 72, 86, 49, 64, 37, 8, 82, 57, 78, 91, 40, 96, 72, 11, 39, 54, 89, 28, 48, 97, 19, 26, 63, 99, 35, 38, 64, 25, 9, 73, 20, 68, 100, 99, 58, 88, 3, 59, 65, 63, 36, 4, 71, 16, 58, 59, 29, 18, 91, 20, 92, 39, 22, 22, 39, 5, 71, 4, 9, 53, 14, 30, 29, 48, 16, 21, 37, 80, 11, 64, 30, 8, 92, 98, 77, 47, 41, 80, 32, 7, 12, 6, 87, 10, 96, 49, 20, 
  87, 20, 14, 88, 24, 99, 79, 13, 15, 56, 90, 33, 44, 94, 44, 8, 96, 72, 58, 25, 14, 30, 85, 81, 76, 44, 52, 97, 99, 70, 28, 74, 88, 91, 73, 17, 8, 57, 25, 86, 88, 20, 44, 38, 91, 47, 53, 22, 75, 22, 32, 15, 87, 44, 81, 8, 87, 56, 91, 69, 33, 5, 68, 56, 80, 62, 60, 81, 44, 82, 36, 30, 42, 97, 93, 70, 50, 57, 39, 46, 57, 76, 100, 26, 38, 98, 44, 99, 10, 83, 36, 13, 56, 51, 89, 76, 55, 63, 31, 83, 45, 14, 78, 92, 76, 86, 48, 16, 92, 5, 28, 11, 3, 90, 93, 94, 52, 55, 27, 57, 23, 6, 33, 13, 87, 96, 3, 13, 
  78, 76, 8, 64, 58, 86, 5, 59, 48, 87, 92, 50, 55, 90, 8, 13, 12, 91, 51, 82, 87, 84, 84, 46, 82, 45, 19, 36, 33, 63, 91, 3, 51, 80, 13, 12, 23, 73, 32, 63, 81, 79, 27, 28, 82, 33, 86, 27, 26, 69, 45, 70, 51, 65, 2, 53, 96, 30, 90, 31, 88, 96, 81, 88, 41, 79, 41, 74, 23, 62, 32, 100, 30, 26, 91, 43, 25, 53, 66, 62, 20, 65, 67, 37, 94, 62, 76, 80, 33, 38, 64, 21, 82, 71, 52, 57, 67, 56, 61, 42, 74, 89, 47, 38, 73, 43, 47, 99, 14, 4, 70, 89, 53, 66, 62, 92, 21, 81, 17, 91, 84, 61, 89, 46, 35, 89, 31, 88, 
  8, 78, 38, 10, 89, 26, 67, 37, 63, 91, 42, 7, 57, 41, 99, 82, 99, 11, 78, 86, 67, 98, 67, 90, 83, 6, 44, 76, 36, 75, 47, 69, 47, 54, 28, 3, 28, 70, 58, 71, 83, 98, 6, 59, 48, 97, 81, 81, 91, 86, 83, 77, 26, 48, 9, 52, 28, 46, 90, 95, 86, 24, 86, 5, 24, 28, 69, 20, 8, 78, 32, 15, 53, 1, 4, 3, 86, 19, 90, 7, 44, 1, 15, 31, 83, 79, 67, 23, 64, 100, 14, 70, 81, 45, 7, 42, 83, 17, 58, 28, 78, 30, 61, 60, 28, 50, 14, 13, 44, 21, 23, 1, 4, 55, 36, 93, 71, 66, 53, 89, 62, 38, 32, 23, 100, 37, 27, 25, 
  79, 93, 71, 42, 22, 99, 42, 85, 25, 24, 24, 2, 27, 70, 70, 1, 40, 55, 39, 58, 57, 91, 10, 84, 79, 79, 58, 92, 49, 55, 23, 95, 44, 77, 85, 68, 70, 40, 17, 11, 36, 72, 56, 65, 83, 31, 13, 9, 50, 61, 85, 75, 43, 75, 47, 7, 25, 18, 86, 92, 73, 87, 99, 22, 69, 79, 31, 19, 75, 6, 2, 69, 92, 71, 61, 39, 44, 29, 80, 9, 60, 66, 15, 38, 65, 82, 10, 53, 1, 45, 26, 33, 94, 41, 31, 84, 12, 78, 45, 74, 37, 80, 50, 75, 23, 75, 54, 96, 78, 74, 47, 56, 39, 99, 62, 19, 92, 61, 72, 79, 9, 82, 91, 41, 16, 5, 85, 13, 
  84, 79, 48, 24, 88, 20, 18, 81, 29, 5, 17, 87, 82, 36, 24, 65, 79, 83, 9, 62, 25, 82, 37, 32, 25, 41, 7, 19, 58, 18, 41, 45, 49, 73, 36, 66, 4, 60, 98, 99, 36, 26, 44, 42, 39, 35, 79, 4, 75, 77, 46, 81, 1, 40, 18, 25, 32, 63, 30, 96, 70, 41, 80, 39, 59, 9, 17, 70, 93, 85, 5, 14, 29, 53, 78, 40, 13, 75, 3, 17, 60, 50, 4, 80, 63, 34, 6, 92, 20, 52, 48, 88, 85, 57, 79, 63, 44, 41, 53, 51, 49, 48, 6, 22, 13, 53, 4, 56, 33, 18, 41, 30, 42, 29, 97, 3, 14, 29, 42, 13, 63, 67, 39, 65, 6, 31, 81, 28, 
  33, 55, 93, 67, 69, 24, 20, 91, 75, 70, 92, 10, 88, 33, 97, 62, 98, 41, 28, 76, 74, 77, 10, 54, 72, 9, 52, 82, 47, 18, 87, 92, 38, 36, 38, 72, 90, 32, 25, 73, 89, 99, 88, 18, 80, 56, 48, 61, 88, 58, 81, 95, 8, 41, 59, 22, 63, 58, 25, 3, 42, 81, 5, 26, 26, 21, 53, 19, 63, 33, 77, 87, 39, 42, 42, 100, 78, 53, 35, 74, 3, 5, 4, 79, 77, 33, 52, 19, 89, 74, 48, 63, 56, 58, 51, 6, 23, 5, 51, 64, 40, 30, 5, 69, 6, 49, 28, 91, 17, 51, 10, 79, 44, 31, 84, 5, 55, 9, 87, 45, 9, 42, 41, 19, 53, 86, 99, 74, 
  71, 24, 57, 58, 75, 4, 19, 17, 9, 67, 77, 6, 62, 19, 42, 93, 63, 97, 25, 39, 41, 5, 97, 70, 46, 81, 38, 63, 79, 67, 68, 59, 66, 36, 87, 19, 66, 84, 41, 57, 79, 36, 48, 21, 40, 20, 22, 36, 69, 76, 11, 33, 72, 77, 61, 77, 96, 42, 92, 62, 61, 84, 58, 45, 44, 16, 71, 68, 28, 88, 31, 83, 74, 98, 97, 66, 2, 52, 18, 11, 32, 39, 70, 100, 30, 64, 89, 75, 14, 31, 59, 11, 43, 78, 56, 12, 74, 8, 95, 58, 92, 72, 32, 45, 85, 91, 21, 71, 81, 9, 73, 14, 84, 99, 35, 37, 83, 97, 25, 71, 50, 41, 10, 75, 49, 32, 43, 70, 
  96, 11, 47, 25, 64, 24, 72, 3, 60, 20, 75, 48, 71, 81, 38, 8, 75, 12, 66, 4, 97, 39, 55, 92, 2, 24, 52, 20, 67, 90, 96, 52, 5, 45, 48, 44, 71, 89, 42, 45, 24, 94, 1, 87, 95, 25, 26, 7, 86, 60, 13, 49, 9, 87, 23, 84, 48, 53, 11, 89, 14, 78, 71, 93, 23, 94, 82, 9, 17, 15, 18, 51, 10, 27, 67, 34, 80, 32, 55, 32, 22, 37, 96, 4, 13, 86, 20, 55, 66, 45, 62, 3, 82, 99, 88, 11, 62, 99, 76, 28, 13, 29, 66, 59, 68, 41, 5, 83, 7, 72, 94, 19, 55, 38, 100, 50, 41, 49, 61, 38, 97, 87, 16, 43, 89, 65, 23, 66, 
  25, 17, 69, 52, 2, 91, 72, 29, 52, 32, 63, 61, 27, 34, 16, 72, 58, 16, 70, 61, 77, 84, 36, 34, 27, 94, 88, 32, 55, 73, 53, 13, 13, 91, 62, 91, 40, 47, 47, 66, 36, 2, 38, 26, 11, 41, 27, 69, 98, 69, 95, 50, 59, 66, 94, 50, 66, 83, 15, 89, 9, 66, 83, 33, 49, 53, 33, 94, 55, 23, 60, 78, 46, 44, 12, 9, 55, 15, 86, 28, 20, 89, 65, 93, 75, 52, 8, 11, 70, 38, 13, 4, 82, 85, 54, 90, 63, 39, 94, 27, 37, 94, 54, 20, 69, 16, 90, 95, 7, 83, 10, 73, 33, 87, 60, 58, 66, 43, 2, 91, 32, 80, 41, 88, 72, 35, 34, 9, 
  34, 1, 85, 90, 20, 7, 77, 56, 48, 48, 82, 31, 58, 93, 74, 59, 71, 50, 2, 58, 25, 70, 40, 46, 32, 96, 40, 46, 35, 32, 61, 82, 74, 47, 48, 54, 59, 7, 59, 54, 67, 99, 92, 19, 67, 73, 62, 45, 68, 99, 21, 26, 35, 17, 33, 32, 95, 72, 15, 89, 23, 36, 82, 53, 6, 72, 59, 33, 56, 94, 75, 96, 38, 29, 91, 58, 89, 26, 16, 57, 42, 54, 32, 18, 61, 87, 52, 30, 8, 18, 61, 79, 62, 86, 68, 67, 16, 39, 1, 65, 79, 16, 26, 24, 40, 85, 34, 16, 89, 12, 58, 27, 71, 71, 8, 33, 82, 25, 22, 21, 7, 75, 86, 23, 50, 13, 5, 81, 
  2, 5, 53, 32, 31, 27, 66, 71, 60, 29, 34, 17, 85, 68, 89, 86, 35, 68, 7, 27, 94, 26, 47, 10, 94, 66, 13, 79, 35, 12, 96, 43, 90, 52, 7, 79, 73, 90, 94, 11, 5, 79, 39, 37, 6, 100, 46, 65, 13, 52, 46, 60, 79, 30, 16, 1, 50, 66, 20, 57, 73, 42, 50, 2, 41, 19, 82, 27, 87, 26, 32, 28, 31, 66, 55, 31, 78, 96, 63, 40, 96, 48, 40, 54, 66, 16, 51, 74, 69, 87, 82, 60, 68, 87, 84, 36, 45, 70, 73, 74, 39, 61, 40, 30, 25, 98, 36, 73, 35, 15, 88, 39, 77, 63, 98, 51, 5, 94, 60, 30, 13, 2, 99, 69, 33, 35, 38, 43, 
  21, 63, 49, 27, 22, 51, 73, 55, 13, 69, 73, 72, 76, 11, 20, 1, 77, 19, 32, 68, 6, 49, 73, 51, 8, 63, 26, 5, 72, 89, 26, 72, 78, 27, 93, 13, 8, 18, 49, 51, 80, 54, 43, 89, 82, 35, 84, 15, 70, 56, 97, 59, 76, 2, 25, 56, 39, 6, 87, 43, 81, 30, 39, 45, 31, 58, 18, 47, 54, 95, 66, 65, 1, 57, 47, 5, 47, 16, 36, 96, 60, 55, 76, 33, 47, 44, 92, 32, 16, 10, 53, 56, 54, 99, 53, 33, 44, 100, 36, 79, 80, 2, 97, 60, 51, 24, 34, 76, 5, 99, 47, 4, 52, 29, 10, 74, 48, 15, 59, 63, 57, 100, 77, 69, 57, 23, 64, 59, 
  12, 71, 89, 81, 77, 55, 26, 82, 7, 43, 78, 54, 61, 57, 58, 52, 73, 82, 75, 1, 57, 21, 28, 23, 80, 21, 7, 39, 38, 36, 13, 7, 75, 55, 4, 18, 28, 7, 100, 80, 20, 64, 98, 90, 61, 29, 50, 74, 13, 81, 65, 48, 27, 46, 12, 96, 50, 7, 67, 56, 37, 15, 42, 46, 77, 92, 76, 30, 4, 26, 69, 88, 24, 2, 40, 3, 21, 66, 93, 9, 95, 71, 84, 36, 12, 20, 2, 64, 62, 21, 14, 59, 94, 55, 99, 49, 4, 85, 50, 42, 74, 92, 24, 62, 17, 68, 69, 23, 22, 57, 54, 9, 77, 36, 51, 41, 86, 39, 51, 60, 57, 78, 94, 15, 100, 49, 98, 83, 
  96, 75, 86, 98, 87, 50, 91, 9, 19, 30, 64, 36, 96, 97, 19, 95, 91, 90, 22, 22, 42, 14, 87, 41, 15, 39, 81, 32, 56, 100, 32, 93, 37, 8, 65, 7, 7, 19, 74, 54, 7, 74, 56, 22, 90, 14, 37, 59, 6, 14, 78, 84, 1, 3, 90, 85, 70, 59, 23, 73, 61, 62, 79, 89, 84, 83, 9, 93, 20, 82, 98, 80, 36, 74, 45, 3, 65, 97, 70, 83, 96, 12, 83, 38, 8, 97, 4, 74, 73, 38, 51, 56, 10, 95, 58, 31, 28, 92, 42, 18, 97, 42, 90, 38, 51, 37, 11, 38, 58, 90, 8, 63, 87, 57, 95, 93, 32, 66, 85, 38, 57, 43, 70, 76, 83, 3, 16, 73, 
  89, 93, 21, 78, 40, 30, 26, 51, 90, 47, 62, 55, 82, 7, 54, 83, 38, 87, 69, 73, 29, 3, 17, 51, 75, 90, 88, 80, 15, 87, 40, 16, 14, 99, 10, 8, 36, 5, 74, 32, 12, 6, 37, 5, 86, 27, 59, 38, 94, 41, 17, 36, 85, 39, 54, 92, 90, 82, 37, 19, 68, 9, 23, 69, 53, 5, 22, 12, 94, 36, 38, 53, 72, 51, 22, 14, 95, 44, 7, 37, 79, 12, 37, 82, 43, 20, 83, 45, 60, 32, 90, 84, 67, 12, 32, 87, 82, 32, 35, 49, 67, 80, 98, 16, 51, 46, 75, 44, 67, 42, 97, 25, 71, 52, 26, 26, 28, 73, 38, 10, 73, 23, 96, 13, 6, 81, 14, 9, 
  18, 29, 96, 98, 78, 20, 45, 22, 64, 45, 71, 84, 25, 61, 82, 90, 29, 30, 61, 69, 30, 9, 9, 62, 47, 88, 38, 100, 1, 3, 92, 50, 65, 61, 63, 45, 90, 30, 75, 23, 51, 88, 25, 50, 85, 90, 20, 4, 99, 51, 94, 8, 8, 33, 25, 15, 26, 94, 59, 6, 46, 89, 60, 92, 38, 97, 95, 39, 53, 54, 4, 52, 20, 43, 86, 51, 8, 83, 98, 27, 58, 69, 89, 65, 37, 49, 43, 36, 100, 53, 70, 7, 50, 77, 91, 30, 31, 51, 50, 34, 32, 12, 56, 61, 51, 86, 94, 78, 57, 99, 47, 54, 13, 74, 50, 58, 51, 30, 72, 49, 8, 28, 7, 44, 97, 32, 50, 72, 
  16, 83, 4, 100, 87, 23, 32, 16, 95, 35, 79, 39, 34, 77, 43, 22, 39, 63, 32, 58, 20, 49, 90, 70, 45, 47, 12, 75, 86, 92, 62, 14, 43, 18, 53, 31, 43, 5, 93, 61, 72, 72, 3, 41, 56, 87, 45, 11, 76, 26, 8, 50, 65, 88, 48, 26, 43, 33, 6, 1, 83, 33, 33, 98, 49, 28, 48, 67, 90, 72, 3, 38, 38, 38, 72, 58, 32, 86, 71, 18, 86, 39, 25, 95, 39, 49, 1, 12, 85, 39, 44, 36, 58, 5, 61, 4, 1, 63, 64, 23, 68, 48, 70, 35, 35, 68, 23, 25, 15, 43, 21, 41, 24, 89, 64, 16, 75, 4, 11, 3, 90, 29, 25, 100, 70, 42, 84, 84, 
  88, 63, 51, 84, 96, 39, 84, 89, 12, 82, 80, 90, 64, 100, 46, 87, 37, 44, 99, 45, 17, 35, 33, 3, 24, 22, 34, 45, 70, 18, 73, 83, 100, 5, 34, 74, 86, 54, 90, 88, 83, 65, 39, 23, 78, 89, 71, 81, 74, 95, 68, 54, 12, 54, 92, 73, 86, 54, 93, 88, 53, 44, 82, 100, 22, 69, 47, 94, 91, 33, 74, 5, 4, 95, 7, 27, 71, 19, 23, 26, 48, 40, 73, 57, 75, 2, 26, 29, 11, 31, 91, 93, 67, 68, 59, 79, 87, 67, 72, 9, 10, 95, 52, 78, 51, 86, 67, 87, 40, 26, 91, 12, 47, 35, 52, 31, 48, 20, 76, 96, 23, 77, 26, 40, 91, 87, 46, 15, 
  93, 74, 13, 27, 53, 23, 90, 35, 41, 24, 79, 93, 95, 74, 53, 82, 56, 12, 55, 19, 36, 94, 3, 39, 9, 88, 7, 28, 99, 74, 96, 83, 77, 63, 17, 38, 14, 2, 80, 35, 37, 54, 71, 23, 39, 62, 56, 63, 6, 92, 47, 93, 80, 25, 66, 64, 96, 78, 56, 64, 32, 67, 51, 24, 53, 51, 95, 84, 31, 5, 2, 3, 37, 54, 57, 68, 65, 25, 23, 40, 76, 94, 24, 94, 29, 58, 40, 28, 39, 45, 31, 1, 64, 91, 46, 99, 64, 75, 27, 64, 10, 82, 57, 77, 84, 28, 8, 64, 93, 56, 70, 70, 72, 59, 87, 17, 50, 9, 15, 72, 96, 22, 72, 62, 60, 92, 9, 95, 
  48, 92, 36, 8, 38, 5, 89, 97, 20, 10, 63, 17, 79, 90, 46, 29, 55, 73, 9, 28, 79, 50, 76, 97, 67, 63, 3, 79, 68, 59, 54, 80, 29, 38, 46, 46, 62, 86, 72, 46, 91, 59, 25, 32, 94, 94, 57, 54, 13, 57, 9, 72, 96, 12, 27, 94, 22, 97, 59, 15, 60, 49, 33, 15, 73, 72, 3, 97, 6, 35, 85, 86, 53, 1, 14, 51, 81, 76, 79, 41, 99, 35, 49, 91, 96, 43, 91, 44, 48, 29, 67, 75, 44, 6, 92, 51, 100, 85, 31, 32, 34, 35, 95, 11, 69, 49, 99, 3, 63, 43, 46, 58, 60, 26, 2, 84, 99, 14, 41, 97, 32, 92, 72, 70, 42, 80, 93, 63, 
  82, 80, 30, 38, 9, 42, 53, 2, 2, 14, 12, 22, 99, 78, 72, 32, 6, 15, 62, 59, 37, 58, 20, 22, 20, 50, 4, 90, 50, 4, 31, 37, 45, 47, 46, 89, 79, 42, 18, 70, 67, 88, 59, 93, 5, 74, 36, 44, 100, 51, 31, 57, 4, 60, 36, 63, 13, 10, 24, 51, 97, 17, 86, 87, 40, 75, 26, 88, 89, 33, 1, 79, 100, 97, 63, 22, 15, 25, 54, 17, 87, 55, 85, 85, 86, 95, 92, 91, 64, 30, 25, 9, 45, 27, 10, 55, 17, 54, 100, 42, 63, 43, 29, 51, 59, 29, 63, 4, 1, 18, 70, 68, 64, 9, 18, 45, 63, 22, 21, 28, 89, 60, 22, 32, 85, 11, 79, 43, 
  83, 95, 93, 10, 9, 87, 53, 33, 89, 43, 54, 45, 36, 32, 6, 8, 44, 82, 97, 20, 52, 41, 44, 7, 4, 8, 11, 13, 28, 9, 23, 77, 37, 94, 67, 25, 51, 80, 41, 3, 16, 21, 63, 22, 93, 7, 43, 7, 46, 70, 80, 2, 87, 42, 4, 75, 95, 59, 68, 93, 27, 82, 5, 11, 74, 32, 3, 11, 26, 76, 34, 65, 77, 63, 85, 27, 82, 83, 99, 23, 40, 12, 72, 30, 37, 20, 20, 53, 2, 42, 2, 11, 45, 24, 69, 22, 59, 84, 50, 9, 65, 92, 20, 35, 42, 72, 62, 81, 63, 37, 78, 85, 50, 21, 54, 80, 69, 90, 32, 62, 81, 99, 99, 3, 73, 29, 87, 73, 
  5, 99, 45, 53, 38, 17, 76, 57, 73, 55, 54, 20, 37, 29, 12, 71, 97, 55, 61, 30, 1, 41, 31, 15, 38, 15, 47, 1, 38, 87, 90, 59, 66, 62, 41, 88, 88, 53, 19, 73, 43, 73, 45, 58, 57, 62, 54, 81, 49, 7, 67, 87, 73, 32, 34, 94, 61, 53, 20, 68, 31, 62, 24, 25, 50, 89, 58, 27, 58, 42, 98, 69, 13, 58, 3, 5, 68, 59, 62, 33, 78, 53, 42, 28, 89, 71, 47, 77, 56, 20, 86, 60, 70, 75, 29, 56, 50, 90, 55, 46, 27, 72, 1, 5, 22, 59, 8, 29, 49, 71, 81, 72, 100, 86, 84, 85, 10, 66, 42, 83, 72, 98, 39, 38, 37, 41, 96, 94, 
  20, 87, 23, 17, 34, 18, 41, 70, 52, 12, 47, 40, 4, 97, 46, 34, 27, 60, 57, 29, 91, 66, 20, 69, 6, 94, 89, 62, 97, 91, 14, 96, 85, 52, 7, 34, 41, 27, 16, 80, 36, 65, 46, 65, 22, 50, 9, 7, 87, 5, 76, 100, 42, 50, 46, 3, 87, 65, 73, 72, 60, 91, 90, 1, 70, 99, 67, 28, 21, 71, 4, 95, 27, 33, 55, 62, 31, 94, 19, 39, 56, 57, 37, 64, 34, 40, 17, 91, 56, 54, 25, 58, 23, 7, 11, 2, 86, 21, 84, 4, 2, 59, 69, 83, 54, 46, 74, 84, 24, 1, 91, 63, 7, 1, 61, 69, 37, 58, 100, 44, 23, 60, 13, 90, 82, 72, 50, 53 
};

int v[] = {
   23,   0,  85,  88,  25,  71,  85,  57,   
    0,  38,  25,  76,   2,  66,  45,  22,  
   93,  86,  98, 100,  34,  57,  85,  55,  
   83,   3,  40,  98,  53,  43,  80,  96,   
    9,  73,  10,  23,  70,  33,   1,  96,
   66,  83,  67,  10,  85,  75,  95,  75,  
   63,  15,  37,  11,  10,  81,  55,  87,   
    3,  33,  91,  26,  69,  73,  89,  91,  
   78,  100, 66,  89,  75,  61,  56,  22,  
   88,  90,  34,  95,  31,  15,  50,  23,
   15,  47,   4,  91,  55,  19,  91,  82,  
   45,  67,  25,  93,  61,  46,  73,   6,   
    0,   0,  19,  93,  43,   4,  95,  32,
    6,  10,  90,  22,  72,  31,  27,  87,
   55,  66,  38,  26,  70,  81,  63,  45,
   68,  24,  39,  27,  49,  33,  32,  69
};

int ref[] = {
   529, 3627, 3270, 2953, 1254, 2431, 4526, 4840, 8756, 
   6162, 2221, 6740, 2128, 4502, 3345, 1200, 6912, 1515,
   4789, 0, 11909, 4069, 13500, 16625, 3921, 4092, 4057, 
   11919, 2673, 1222, 10779, 14426, 8200, 10319, 10903, 5566, 
   6210, 910, 1508, 4115, 3855, 8563, 3110, 14769, 9338, 4353, 
   10226, 6934, 0, 6178, 2123, 8814, 3955, 7033, 3520, 7814, 
   10239, 5511, 4620, 6624, 760, 6028, 3120, 9780, 3744, 9141, 
   4764, 7727, 6840, 6038, 4839, 1802, 4453, 3645, 3936, 1964, 
   170, 2919, 7418, 5170, 10748, 3947, 630, 6678, 5382, 6180, 
   3515, 1352, 9385, 3531, 5820, 1534, 5859, 2655, 2200, 1992, 
   4128, 4271, 4497, 3260, 1265, 9995, 1637, 3751, 38, 5820, 
   1534, 7320, 2655, 2200, 1964, 170, 2919, 7418, 2475, 2945, 
   4057, 11919, 2673, 6227, 4839, 1802, 4453, 4892, 3936, 5838, 
   3515, 2390

};

